-1.667603
-9.796617
6.50413
-4.027203
-2.631766
-6.126773
1.320163
-6.766244
-7.514662
-1.341275
1.24157
-6.513129
1.064422
-2.901972
9.161296
-8.174118
9.5728
-1.757612
0.078707
-7.037077
4.379343
-6.200572
-3.168791
-9.529576
-3.209645
9.349649
9.575969
4.890601
-9.930908
8.80477
7.415339
5.416687
-6.422525
-8.010007
-1.709351
7.710729
1.561721
4.731644
-5.347578
0.471952
4.187729
6.496679
6.142491
-5.353838
7.463799
-5.672391
6.037985
1.101706
-6.283433
1.772172
0.364788
9.17325
-9.169216
-6.717234
9.665853
6.644098
-6.994551
-5.417741
0.782765
-6.860383
-3.524785
-9.013616
4.233546
-8.428745
9.892085
8.411397
5.776577
5.448118
-2.644954
3.574123
5.225175
-0.384475
-8.769499
2.522079
-3.484783
2.201781
-1.583431
9.050616
-5.968108
5.377127
3.971237
1.13126
-8.399074
-6.700966
9.34564
-5.387149
-6.729139
-4.234087
0.742411
0.392267
-9.933364
-9.936301
-0.07867
-6.30291
2.150017
5.969261
-8.082535
0.103344
-1.877238
5.809066
9.095857
-1.665636
-5.134644
7.569467
-9.454486
-3.390683
-2.104497
-6.440323
3.598698
0.365325
-5.021188
-1.734986
3.837666
-3.500719
-8.64588
-0.789939
-6.09871
2.426251
-5.962212
-7.299485
7.879223
-3.394239
-4.153895
0.765179
3.86764
3.419942
5.967879
-4.801277
-1.46248
-2.720794
0.333741
1.480925
2.585765
-8.64092
-2.575653
4.171278
-9.293454
4.924763
3.718028
-1.964173
-1.016575
-4.713186
4.744421
-0.391891
-4.69741
-9.412947
-3.098571
8.41984
3.522898
2.512049
8.677618
-9.3879
2.049128
-6.240985
-2.061115
-6.363292
-3.017404
8.027568
4.507846
6.925833
-8.490326
-3.983132
5.683213
-9.190975
-6.20555
-8.362864
6.351125
-5.355077
-1.514164
-9.722878
-7.726668
0.279925
5.826211
-3.179464
-3.61303
-9.183757
-8.007679
-7.029702
-5.874844
1.396976
-2.822131
9.554542
-4.317801
7.12559
-8.164515
0.552095
0.989487
3.145921
-1.797275
0.479783
5.55625
-6.967963
0.632389
1.761628
5.633942
-6.725776
-1.708273
-9.508614
3.25112
7.36059
-2.929449
6.325316
3.160571
-9.659229
-0.5952
-9.08522
-3.735559
6.012782
-7.490797
1.307391
-8.865624
-7.803489
9.043286
-8.071852
-6.517718
8.801503
-3.822982
-5.670189
-8.070887
-0.014792
-8.822176
-5.598932
-5.557631
4.902922
-6.757393
1.762754
-5.166173
9.876423
9.812764
8.477074
8.001671
1.07388
8.617112
2.7972
-6.812184
4.646972
6.98573
-9.71097
-6.101618
5.686004
5.360996
1.211613
-7.553801
-4.694936
-5.285694
9.611677
-5.493505
-2.597557
3.780657
3.263326
1.243849
3.013533
7.300125
8.27911
-7.831062
-9.397434
8.271809
8.205307
-2.640409
-2.006057
3.698198
-1.569817
-7.779443
-5.015574
-3.925604
1.323925
-6.575779
4.572665
9.39578
-2.303109
1.406295
2.724926
5.959629
2.582269
0.330405
4.410048
-9.5249
8.79586
7.972654
3.876354
-5.967618
2.512084
-9.437521
-2.046011
-5.692611
1.224751
-4.991454
-8.154383
5.877283
-4.974568
1.194205
-9.66903
1.26925
5.784992
5.699855
-3.432213
-7.43192
2.18953
-3.86985
-4.283671
-5.797713
-2.133564
3.644111
-1.969131
2.928946
4.556486
6.206881
1.415821
9.806335
0.041471
0.74367
3.166492
9.426098
4.038939
8.336675
-6.826746
-1.560038
4.070275
4.654316
6.600378
-4.672851
-3.705673
-1.745539
-2.152657
-8.146032
-2.204788
2.847767
4.789406
-5.402487
2.413551
5.022086
-6.88955
-9.713546
-6.797501
3.578607
8.266404
-2.254754
-3.760042
2.545268
-3.676252
-9.21579
-5.094327
2.010837
-0.843989
-3.062021
-2.156728
-7.257623
5.348074
-2.519349
3.799485
1.355841
8.002234
5.928912
-7.354223
-0.971522
-9.777069
5.101813
-5.384843
9.531769
-5.491448
0.164248
-0.168237
6.546623
1.903434
7.621966
-3.607198
-8.050316
-6.285726
-9.074322
4.147365
3.721189
5.093231
5.617542
-7.496826
-8.71696
3.181588
-9.977069
-3.258775
1.753251
3.048588
2.311947
8.987842
9.49244
-3.78925
-3.700157
-9.571521
-7.578774
-1.236513
2.834325
-5.286389
-8.011326
3.698873
3.44438
0.007688
-7.180993
-6.061779
-4.637997
7.055908
8.523009
-9.056758
8.735201
8.253738
5.857314
-5.33443
9.339805
6.173272
-7.212592
-9.284315
-2.440064
1.591135
-9.506968
9.092419
3.456
0.333629
-0.161315
-7.905022
4.955579
4.830654
-9.551443
6.139578
-2.913439
8.662605
-3.158651
-5.762776
-6.083543
-3.369155
-8.58531
-6.74997
-0.549592
1.04391
1.150624
-7.35993
-9.507814
-7.065543
7.989526
-7.273166
3.673244
1.109958
2.001451
8.738075
-4.886714
4.050978
0.350787
-2.629231
-1.978083
-5.952772
-7.983307
8.427069
2.806396
-6.603001
6.062263
-6.305489
3.245246
1.732907
5.935528
-1.754913
9.10416
4.381747
-1.016284
-7.57864
-4.837954
-7.353032
0.42325
6.117087
4.84358
2.741496
-1.462971
-4.430715
6.077583
3.424238
3.272104
1.164316
5.813063
1.77755
-4.733272
-2.529193
-3.805227
-4.166594
7.968416
4.231156
2.272533
-0.981887
-0.292258
-7.897182
-0.508928
1.756352
-2.994604
0.144653
9.985811
8.259813
-8.45953
8.920456
5.889616
6.246005
6.092075
-5.826947
-7.359624
2.838586
6.55757
-7.960407
-9.712372
8.93958
8.200412
-4.771214
6.580989
-4.028317
6.830401
-9.740551
2.167807
-5.504891
2.71725
-9.498714
2.944517
-8.004214
-1.127602
-8.600558
-2.328033
-6.880164
-3.440566
-0.608786
3.182279
2.67228
0.470755
7.054985
-1.783625
-7.117003
3.705629
-2.85654
8.695397
-2.19622
-9.723032
-3.1229
9.192954
-0.440267
6.457017
-2.640857
2.168331
-8.481615
-5.950428
-7.919331
-1.949781
-3.531345
1.156115
2.975372
-5.201397
-4.636844
-9.508331
-7.566687
-2.371057
7.984655
-6.23454
-1.843951
-9.743547
1.77561
-1.583837
-3.376013
-2.203264
-4.54542
-1.838356
-6.304518
4.251111
8.662717
8.136096
-2.671512
-9.767449
5.378219
-0.769081
0.904855
3.115899
6.232087
0.358864
-1.311549
-7.370881
-9.162829
-6.691806
-6.906684
8.81602
1.337039
-9.451317
-3.635528
-1.760329
6.689479
-1.7345
0.93637
-4.719002
-3.537143
-8.405056
5.65868
-0.220496
4.62787
1.443324
-8.2201
-4.623111
-3.596651
5.663073
-3.070303
9.312784
5.93371
3.815121
0.631849
3.847562
-3.22554
-7.955431
7.165212
-0.809128
9.16504
4.63957
1.487548
-1.458469
3.722575
-5.152449
-2.936123
-3.607225
6.371218
8.996626
-8.056413
-9.5099
-2.946152
3.652492
-1.245024
5.201041
9.363145
3.325707
3.321666
-7.136784
1.700772
2.552059
-6.09576
-9.482019
3.564227
9.865361
2.933463
-5.984474
7.408185
-3.648068
-3.173724
6.26905
5.882371
8.622918
7.694724
-9.952701
-5.425164
1.657188
-5.364455
7.021608
4.726737
5.120738
8.878391
4.153491
9.268461
-0.670029
-7.283117
0.332037
8.974599
2.284475
-3.55686
-8.029823
-7.31694
-7.547728
4.213687
-3.431511
-1.307861
9.510268
-3.357386
3.070083
-3.018856
-2.28762
-1.470138
-1.108637
-7.662244
2.835517
1.124685
-7.767067
9.488881
9.740123
-4.501536
-3.187211
5.612897
0.123783
1.331119
5.2883
5.033233
-4.692563
-0.257383
6.209043
7.656833
7.322336
5.993659
3.164495
-9.477795
-2.685525
4.181253
-5.141043
-8.740609
1.87953
5.366773
9.922823
4.564232
-1.026028
-9.359171
3.598168
7.848138
0.360114
1.25321
-8.155944
-3.584156
1.841936
6.058203
-3.508889
6.635092
1.764
1.098967
-5.98119
3.902026
-7.260397
-1.591047
7.730241
7.35837
8.890157
-6.127102
8.089695
-0.625198
-6.711027
7.927719
9.00487
9.464256
-2.830815
-5.50169
8.49364
4.255749
8.50998
4.588325
9.692683
4.600371
6.397678
8.457151
-1.405205
8.396898
-1.725782
9.220163
0.84348
2.817277
-9.804699
-3.21175
-4.500305
-9.760049
-3.739276
-4.856075
-7.824573
-4.887908
7.207418
-5.689518
3.997528
9.838092
-9.818396
4.221728
-7.31171
-6.303693
-3.8412
8.358517
7.524994
-8.164835
5.802449
-8.308424
-2.826059
9.995948
7.592524
-7.805084
1.341462
-1.588561
3.5021
7.173269
1.15321
8.642656
7.927914
-6.730506
-8.860832
-6.040271
0.158222
3.899485
7.086601
4.621575
3.086763
2.019538
3.082098
-1.997794
3.255986
6.725212
7.129213
4.372109
3.512306
-8.553233
-3.440716
-0.887787
-3.85888
-6.034827
-2.506537
6.669564
-4.655715
8.71069
-9.873439
-1.560862
4.426017
5.096691
-9.761339
-7.696923
-8.584108
1.303123
-8.105702
-2.072545
-4.355442
-7.950446
-2.506105
-1.289763
1.56732
-3.094572
-8.622036
-3.420686
3.881979
-9.928451
0.436635
-9.609545
7.284276
-6.066761
0.672341
-8.17263
0.945986
5.856709
8.291655
5.794249
7.873786
-9.844389
6.11576
-9.019773
7.411146
9.92649
4.352942
2.126599
4.664437
-8.264714
7.268615
-8.251777
-5.225184
-4.598552
3.751674
-2.128018
-2.282142
0.039703
5.06606
6.796557
6.902128
-4.334826
-8.951795
-8.113541
-7.700948
4.913641
-8.31496
5.129752
-9.964158
3.738099
-5.053696
2.898916
5.205775
3.091133
-8.520083
-9.585262
-2.34641
8.140158
-0.710335
-4.744241
-0.586927
6.409125
-5.858235
-7.531908
8.369318
-1.518306
-1.124074
-3.781774
-5.110739
7.238946
6.049877
-4.918873
4.499559
8.380824
-1.645276
9.619438
-8.183856
6.754614
7.016093
-4.95497
-4.463352
-4.560654
-7.268052
6.222083
3.967532
5.760339
2.842255
-4.771969
-8.257108
-4.830666
5.766274
-9.607184
0.668793
-3.571555
-4.229787
-3.304836
1.832713
-6.621298
-6.819055
6.991362
5.08966
-2.804862
-5.024336
1.69123
8.649664
5.762378
-1.138026
2.691393
-2.815074
4.18608
0.358293
-9.456285
3.478867
7.431585
-0.305614
-6.799108
-3.932586
-6.152217
6.799006
4.708387
-4.053
-3.949021
-7.473667
-1.19472
9.521383
5.138161
8.711151
-8.512243
8.510533
8.256952
6.216651
-7.437462
7.377128
9.561767
4.806823
0.29115
-3.141335
7.568754
1.970516
-3.539447
-8.355084
-9.652165
4.040021
-4.087451
-7.355776
-3.859644
-0.758921
6.941472
-0.516608
-7.424635
6.569502
3.489379
0.919508
7.967446
-1.894845
-2.257247
-8.904785
3.915094
2.434415
8.949903
-9.843198
-1.742536
-1.252207
-1.693333
-9.133613
6.292155
-9.140569
2.803574
-3.749413
-1.507478
6.758897
-5.916295
0.23
-4.665536
2.201776
0.884016
3.346904
-8.090699
2.653167
3.243436
-8.645016
9.383922
7.015501
5.86237
5.728681
0.002518
8.306956
-6.899782
4.874369
9.532855
-8.744883
2.975668
9.464151
-7.164483
1.182729
7.957258
-4.72489
-5.799832
4.354542
5.886264
8.834255
3.051103
-8.923017
6.423455
-4.280604
1.270349
4.417728
9.563026
1.027611
-7.104428
0.234731
1.098501
5.041909
-6.178826
1.032459
-9.007046
9.70029
-9.547557
0.820482
-6.508591
-4.505006
-1.955091
-4.938241
-4.777771
-3.826907
-0.016093
9.128901
-5.816114
-6.547148
-9.142178
8.312763
5.661057
6.611046
-7.008887
-1.171583
3.429673
0.626601
4.646539
-6.115712
8.051521
1.839052
2.237668
1.72056
-1.142217
-9.748507
-6.725371
-0.375967
-8.361819
1.900266
-6.199504
3.692686
-1.899828
3.152059
-4.760589
-7.508287
3.286411
6.510278
-5.780206
-9.266971
7.372427
5.065135
5.337615
5.813865
-1.65494
9.021011
6.151474
5.115115
8.812668
8.161972
1.30007
-8.870676
1.800033
-0.085712
-9.661674
-3.714845
6.404636
2.495891
8.605411
5.118171
-6.285877
4.265601
-9.061759
7.38726
-4.114512
9.420623
-9.0461
4.848879
-7.972938
7.261193
6.347674
0.245255
1.263471
-5.601381
-2.711007
-7.033298
-2.130051
-7.241114
2.682869
-0.141366
-2.892737
-3.074855
9.038938
8.956413
9.584697
-2.748375
-8.359915
-6.74462
7.208596
-2.981289
-7.059023
9.113045
-5.538328
1.206488
-1.728755
-7.237715
-2.555459
5.767778
0.860013
7.155935
-9.678959
-7.843802
-1.357922
2.842477
-1.771032
-4.479846
6.287096
7.056545
2.984033
-7.350933
4.818153
2.151749
4.696277
4.712335
1.265705
-2.3112
6.748284
8.509693
9.027276
-3.929556
-5.770762
-6.148115
3.617464
9.285823
-5.22062
-1.014471
0.902528
-1.670454
0.973143
-2.582004
1.735603
9.561396
5.28285
9.257916
-1.575648
-7.010268
-5.957372
-5.370883
5.397483
-5.537318
1.22522
8.545042
-1.574562
-5.258125
7.749377
9.580884
-8.638676
6.452135
9.485539
-4.071868
-2.83542
-6.163986
-5.662882
5.39026
-1.16625
-3.814281
-2.709064
8.148101
9.935265
-3.607912
-4.654071
-4.613263
5.679892
8.175603
-6.143674
-7.90509
-3.345273
6.604262
6.947523
9.001688
-1.598031
-9.134289
-9.083222
6.130189
-2.504554
-6.592836
-4.363516
-7.998106
8.325999
-1.39658
0.09726
-6.001161
0.453516
-4.926168
8.781274
7.304473
4.371568
1.284738
4.61032
-8.305866
-2.763796
7.623185
5.822816
-3.686837
-2.314925
-7.212788
-9.98366
9.001363
-6.310148
6.02086
-6.430227
-0.897386
0.884387
-6.302827
-4.377992
-7.214995
-9.923732
-2.636875
6.787594
-5.598123
-1.344633
-2.129122
0.300193
-5.715395
-9.052469
-3.394955
9.586082
1.604574
-0.959744
-4.111123
4.335767
-7.035777
2.272992
-0.008777
-8.628773
0.019136
-3.228913
-9.790835
-1.009228
-5.921854
-7.86221
3.730579
1.06969
-2.183978
4.089717
7.534664
-2.688514
0.526725
7.820462
-4.671863
-0.968847
-0.272629
-2.78969
1.209455
5.7501
7.435741
-1.746734
-4.33312
5.355544
4.068155
-4.517703
-1.132861
-5.055941
0.472708
-5.82827
-8.583075
-4.7072
-8.258117
-4.00701
-3.433286
-3.786863
8.592413
5.277297
-4.77262
8.100405
-0.355707
-9.69756
-0.612105
-8.319088
-4.505397
9.218478
0.633281
9.699824
-1.159319
-3.333058
-5.411899
-5.050578
5.429304
1.817114
7.218458
-0.407762
7.407023
8.011121
-8.518875
3.365196
-8.504474
-2.936892
-7.452592
2.651716
-7.517222
-8.241606
4.718209
3.566208
6.919478
8.177354
4.257531
6.574478
-4.233015
-0.847321
0.906136
-2.045585
-0.754876
-0.367806
0.349016
-9.227494
-7.032285
5.436104
7.306262
-5.855315
-7.756214
-5.322142
7.576466
-1.134472
9.585409
-0.071292
-7.678045
5.301841
-7.60548
3.925713
9.923698
4.890302
6.275259
-1.488466
-8.753429
-5.485449
7.177669
5.776037
1.485853
-5.962962
-0.44487
6.376409
-7.819886
8.061653
-8.434446
4.429722
-9.635065
7.098454
-3.701763
1.028841
-9.123691
3.337524
9.946075
-3.955717
6.760722
-6.974369
-9.266937
3.34415
-4.584328
4.296998
-8.697225
-7.333573
-3.679495
0.375561
-5.198052
-7.471619
-7.766374
-2.669293
-8.755071
0.833422
-9.413141
0.40535
-3.661813
-9.209996
-9.557776
1.640916
4.237196
-6.397046
1.420624
-8.298931
-0.684974
6.330912
-6.218454
-0.705466
8.061941
-4.641495
5.651247
-8.446045
-4.519016
5.531527
7.355205
-4.181764
-1.77697
-3.369346
-6.153164
-3.407426
6.782867
1.482283
6.874167
1.414321
3.545031
1.096633
-5.755138
-0.18895
-3.111051
-5.420733
-3.681001
8.395367
9.255755
9.35933
0.893646
-4.490521
-2.697881
-4.066771
9.243127
7.274222
5.748323
0.402048
-0.296814
4.71532
7.796093
4.332828
8.946499
2.062007
6.783027
2.132624
0.990393
6.426001
-1.068645
6.87589
-4.845894
9.499256
4.633183
-6.094075
3.68516
-4.223049
-8.060037
-7.360838
-1.33156
8.965806
-5.249546
0.860109
-1.205477
-6.591352
3.90445
-3.917506
-9.093517
6.99224
5.241266
-9.066063
-0.952845
-3.620031
3.126183
-3.727364
3.986847
-9.084775
8.156915
2.936369
-2.033615
6.363568
4.808644
-3.733114
-8.202677
2.771982
-1.510251
7.348578
-7.000594
6.616357
6.876067
-5.899513
-4.888
2.279949
-4.308942
-0.26666
0.653516
-2.146182
-7.52512
-4.318599
6.22181
5.984179
-7.971643
3.864094
7.588531
2.211981
9.216332
1.783677
-0.632392
-1.972536
1.676112
3.220005
9.849088
-7.008038
-3.494382
7.874916
3.724053
-3.839399
1.25415
-8.745019
-6.994449
-9.227743
6.913528
-7.277762
-2.550811
-3.413112
3.932587
-8.536476
-9.820097
-6.560627
1.363047
-2.924753
-8.477648
-4.280254
-4.702716
4.54144
4.269834
-9.599932
6.701521
-7.865899
-2.005777
-1.525281
-9.403794
-7.842944
4.83606
3.76307
5.776967
9.378265
7.769279
-3.985925
3.140459
3.18894
-5.454023
5.195639
8.192003
1.8215
5.629846
-4.380845
6.891708
-3.383069
-3.919203
1.282116
2.229333
-0.681925
6.635943
5.090855
0.509137
7.672205
-1.983054
-2.212089
9.607467
-3.71627
-7.334426
7.09691
3.785512
-3.580657
6.143235
3.565186
-0.948541
0.597446
8.998678
0.806719
-7.92156
-1.215813
-3.924137
9.178495
-1.253999
-1.998951
5.311527
5.31195
-8.405864
3.599268
8.676872
1.612814
-4.457441
8.649366
-8.704828
-0.204567
-6.042964
1.094269
-1.976009
7.624502
-8.544029
-0.6998
-4.232842
-7.817712
6.893315
2.986538
-2.965364
0.642471
-1.050971
-8.80333
-3.405407
-9.322576
-8.016764
6.986294
5.62828
-4.071809
-9.646909
7.628987
-8.643942
-5.120441
6.972061
1.484222
-1.225389
5.619554
8.363583
1.546754
8.431485
-8.622212
0.389622
3.729034
6.92364
-0.48464
2.578462
-4.224212
4.597507
1.570112
9.799437
0.564138
-6.149787
5.861374
-0.979631
-7.381959
9.246724
-0.094836
-6.641824
-5.971222
-4.915025
8.538908
6.252333
-9.302127
4.013844
-3.432908
-1.248714
4.858877
-4.139879
-4.159088
8.616954
5.760606
6.623797
4.861314
9.194988
5.094031
4.916331
-4.177581
4.093509
8.740778
1.416676
4.360264
-6.495916
-0.695425
0.588185
4.600313
0.381199
-5.268191
9.717604
-0.329355
-7.633274
6.822016
-2.685063
9.02199
-9.390122
5.236002
3.592264
4.306871
-9.266028
0.086244
0.085908
-4.014066
-8.227487
2.266154
-2.680486
9.708607
-5.317824
-2.185445
3.168643
-7.314772
-6.997505
-8.227612
6.956665
5.717996
-7.630323
-4.382349
3.255918
-8.840866
-8.787214
-6.222811
5.532594
-5.033002
4.942788
-6.731366
2.682817
3.487458
2.783615
-6.5147
-0.690445
-4.947895
-3.536767
-3.356587
8.185894
-6.278331
-2.08816
5.638001
-8.408148
5.55476
8.099255
2.395725
8.504406
-0.902305
5.571942
9.922739
-0.097022
-0.936293
9.052834
3.915435
0.088513
-2.081316
4.343173
9.447149
0.073385
-0.722189
0.148397
-9.181203
6.476024
4.480494
2.549621
3.948366
6.171487
-1.330853
1.437946
-5.184165
1.139462
3.014053
1.255294
-6.090473
-4.435617
-9.20567
-1.589834
1.563188
-2.927836
3.386338
-2.319211
-0.597164
-5.96567
0.647995
-5.666476
-5.58279
-1.421261
2.739753
0.292972
-5.444233
1.409749
4.04992
-5.747225
-7.583678
7.354291
-3.155247
1.225038
-0.231495
0.233701
-3.714508
-6.974759
3.967254
3.579817
8.726561
-0.046758
7.006486
0.062348
9.755797
-6.659917
-3.997833
5.397492
-1.561401
1.265493
7.727542
-5.728131
-8.685894
-9.650561
2.371885
8.91171
-5.20979
0.108165
-1.44437
-0.131746
6.464607
7.715925
1.688587
-0.544843
8.143884
-1.129275
-3.934737
-0.435103
3.227223
-5.307639
4.902618
-2.525957
-8.799448
3.958874
7.70067
8.185222
9.638846
-9.047134
9.473502
8.013063
7.812472
-9.841414
3.420719
-6.049617
8.018989
-4.489612
-8.857294
1.745736
3.84902
0.662356
-1.767743
-8.639924
4.466642
-9.833936
1.582236
-8.048061
-0.891812
1.641567
-5.074875
5.088894
-4.878885
7.32102
-2.144322
3.738982
-0.975485
-3.602887
-8.142509
2.233526
-8.96871
-0.629381
-1.874396
-4.157058
-4.970513
-0.258071
7.623164
5.881968
-3.855882
1.895325
2.611023
4.44582
2.502854
-8.736941
-7.132419
5.771778
-4.753538
1.368209
-8.934394
1.623143
-4.241493
-9.162217
-9.701217
-5.227691
0.319204
5.04536
-9.386985
0.147149
-3.297027
2.143865
4.030484
-8.316355
-5.051381
7.378796
3.273875
-6.662165
0.761217
-2.726766
-6.911986
-1.873573
0.608484
3.141257
7.66043
-4.522389
9.766352
-2.645093
2.951283
-2.092666
-1.020835
3.743319
4.835339
-8.634253
-9.547304
-3.055549
-3.651608
-1.081587
8.901271
-3.981246
-5.453962
-1.378745
-3.342386
-1.765343
0.514035
-7.735473
5.127709
2.662814
5.070544
-1.189691
-6.487547
4.849031
7.447448
7.838683
4.4421
-7.490535
-4.138431
3.806838
-9.197647
-4.338308
-2.264316
5.92797
-9.457708
-4.523773
2.740918
-9.905705
-3.825392
4.719152
-0.698202
4.848837
-5.090247
4.26804
-6.864151
2.586223
5.794045
-8.748767
-4.381788
-3.377973
7.678854
-8.620816
-1.774393
9.905398
-8.160005
9.104952
-8.541926
0.867438
-1.01376
3.667975
-4.285661
-0.567649
7.33632
-6.747147
7.903551
-8.096239
-6.512066
-5.519384
0.760917
-3.795266
-0.593429
-8.808338
-3.969291
-9.898189
-7.560737
3.166243
1.145111
-0.755773
-9.491947
5.170075
-8.039377
3.979475
-1.863249
7.44705
-8.052146
-2.973518
-9.162685
8.747563
2.308218
-3.225512
-6.775829
7.819993
-2.891427
-7.483613
-0.626272
-2.731849
6.372602
-8.793488
5.329921
7.777518
-8.79222
3.592788
4.519502
5.15716
7.36573
-0.653644
2.939088
1.740749
-1.175798
-7.325059
0.856068
0.536528
-3.087622
4.587069
7.741128
0.182002
-2.427455
0.185565
4.750293
-3.966351
6.502942
3.21514
4.054598
1.908068
-8.65226
2.934692
7.333727
3.367427
6.840786
-7.092041
-0.902292
4.353955
8.937193
-8.33477
-5.903577
-5.220832
-4.916678
2.959967
-1.792435
8.467049
3.502499
3.91228
8.124401
7.217024
-9.434912
-1.528111
2.997408
4.473586
8.077822
-5.904047
-0.088207
7.99289
-6.279212
-9.144752
-1.512765
-6.508006
-9.323572
-2.118864
2.706885
2.88805
7.128764
-4.366971
-4.470485
8.066811
-8.894731
1.911195
-7.26922
5.172278
-7.671995
6.726604
-4.171655
8.625828
2.629884
5.405127
-5.9408
3.436474
3.132283
-1.995302
1.097548
0.73369
6.832564
9.959368
6.396245
-0.031764
-7.98132
2.645792
9.455794
-5.704057
-7.303968
-6.19757
-8.210626
0.244228
-5.97017
7.715863
7.824263
7.42343
0.649431
-1.030597
3.331345
-1.885721
1.277535
-8.7513
0.987078
1.207974
-5.657283
-6.396379
-1.252824
8.003622
9.860424
4.178616
-3.428685
-3.419086
8.519456
-4.666462
1.958407
4.439775
-4.365421
8.534288
-4.995515
9.837919
4.11952
0.551907
1.545532
7.84419
7.150583
-9.139715
-3.635414
-9.818623
-1.55631
4.112497
-2.214369
1.257038
-6.730455
-5.891201
-3.360667
-4.896939
4.253685
5.603624
-3.824016
6.7532
-2.984437
6.646679
4.031456
0.005863
5.370629
5.776612
-5.590838
7.9678
-3.160889
-8.751459
9.835393
9.84335
3.265604
-9.128885
-9.758038
5.628596
3.827113
6.83558
9.192841
2.545529
6.253287
-2.682627
-1.87227
2.337622
-3.840811
3.089809
7.654134
-1.047157
7.801525
5.271716
-4.78284
-8.641674
-3.680273
1.915675
1.626225
-6.756928
3.70504
-3.630329
-2.32767
-7.743674
4.199111
-5.013294
-5.942575
7.911119
-3.327353
6.15118
-8.837945
0.08005
2.913725
4.09008
-0.714429
-6.55132
0.871277
7.666664
-4.108967
-1.86734
3.277181
-2.968318
2.98994
-1.651212
-6.720164
-0.437853
-8.764222
-8.399705
-1.396678
-3.173194
6.05299
-8.931804
-3.070501
2.049014
1.401754
2.398909
1.535392
9.290473
-5.521902
0.121388
-8.493075
5.280043
0.969515
9.314857
-7.691284
0.759818
-4.637038
-1.601355
8.557694
-5.40428
-7.348832
-1.926468
-4.577317
5.40083
4.258628
-4.733288
6.779289
-5.301221
-8.732768
-6.591205
1.539007
5.460904
4.345684
-6.790303
-2.144245
6.38297
2.681639
5.351328
-6.949516
6.042948
-6.576971
-9.386404
-0.404808
2.92338
2.677289
-0.27753
-6.352353
1.340738
-0.520037
-9.981199
-4.739507
-2.319337
4.64733
9.46202
9.556046
1.357995
-2.941478
7.1496
5.996287
9.204198
-4.897521
9.9547
1.850322
2.893842
-5.314924
8.446132
-7.107188
3.802992
8.525587
6.05447
-5.73296
9.599252
6.824759
9.911687
6.013121
8.982995
-5.635906
-5.753398
-5.218471
-0.487984
-6.408499
8.071014
6.675143
-3.163009
-4.875152
-7.283243
-5.864961
-4.538255
-3.719179
4.073066
-8.797363
1.172091
6.186147
-5.173901
2.646386
-4.726002
7.893411
0.01184
-2.664751
8.453043
0.270528
-2.338708
-6.259023
-7.813282
-3.739883
-9.519429
7.336273
7.948173
6.815125
-0.354949
-2.932671
-4.24594
-7.257064
-4.242768
-3.80596
0.066719
-6.198263
0.490402
-0.040028
-7.188372
1.56794
8.114038
5.097012
0.834262
-5.059831
4.326283
-5.224221
6.966078
-4.450135
-6.125194
5.566466
-5.78658
-4.412813
3.93643
-2.337239
-2.115524
8.300169
7.353322
9.838566
1.173421
-2.440722
1.796709
-1.822252
9.318333
-4.72792
6.530707
5.740543
-4.420634
5.60209
3.852711
5.938834
0.329325
-7.148217
-0.348694
9.099069
8.141289
-3.611601
2.972255
-9.423895
4.40925
1.650235
-2.226867
-4.573566
-8.338161
-5.225993
-1.428189
-1.507178
-6.913836
3.895809
-9.796108
-6.426997
-4.318862
-6.468326
6.253064
9.030488
-0.594349
-3.297656
6.862862
5.145738
3.006521
8.465322
-8.520228
1.839478
-4.642197
9.340188
-8.704844
7.692908
8.317868
-8.852775
7.695576
0.117127
7.994863
-0.634998
9.58729
-3.685499
-6.145695
2.653299
9.509201
-4.891262
3.731646
-4.695867
-2.560688
2.287074
5.396327
-0.09745
8.60928
3.086077
-9.293218
2.295892
-9.299117
-5.173228
0.698454
-1.823389
3.720357
-1.84256
6.195999
1.06017
1.858042
2.292394
0.04656
0.654041
-9.877774
-7.019349
-3.751636
-5.433832
-6.157359
3.847361
-1.152752
-6.769353
3.100088
-6.472458
-4.007097
-5.989082
3.556303
0.080912
-9.734294
4.118303
-6.411867
-4.773702
-7.940551
1.923882
1.131337
-4.974784
9.906951
-2.024605
-7.330205
6.016725
0.250349
-0.69442
2.114836
-0.527465
-1.343209
-9.125911
5.957365
1.008822
4.27079
-8.82548
-0.545097
-3.151783
0.517887
3.897925
-4.874408
4.692126
3.912696
-8.577674
7.171993
2.505457
-4.61922
7.858058
-9.116149
1.487563
7.05947
4.495017
8.261738
-0.286736
8.281164
-9.07516
6.515062
-6.160967
2.94274
9.83196
-0.025021
6.916402
3.636777
6.908477
-9.919814
-0.271363
3.008805
4.50541
8.772682
-6.378298
0.480158
2.438598
-2.01905
8.360754
0.083423
-8.523178
2.827737
4.901076
3.983327
-0.217138
-0.647382
7.083845
4.04527
4.100585
6.372467
-7.932064
3.996903
7.106906
4.664583
8.883799
-2.092901
5.115329
5.30227
4.940768
0.281531
-0.361612
8.433633
-5.619365
-3.65148
-6.622807
6.890383
6.713861
-2.864504
-1.99942
5.765313
2.79839
-1.377589
9.021723
0.6086
-8.121276
-2.649067
-2.936271
-6.976482
2.519105
1.058309
4.068952
8.150824
-5.758419
-4.449632
2.761658
4.758213
3.793906
-8.913841
5.774499
-5.148819
-8.543326
9.354401
-7.712807
8.935992
-5.743041
-5.876371
8.278872
4.578839
9.168329
-9.211753
3.648366
-1.315124
-4.464912
-1.462613
6.038929
-0.670931
8.623671
8.745383
2.099246
-7.584731
-7.363382
0.77524
6.558739
9.997734
4.35463
-9.98097
8.132405
1.838593
-7.447601
4.023486
8.762519
-4.524967
1.47891
2.570557
2.09563
-3.256937
0.985203
8.422241
1.028564
-6.629157
1.426655
4.897526
-8.450546
7.247217
-0.489302
-5.709677
-5.543337
-8.394303
6.996311
6.385231
-1.71437
9.723842
-5.544478
-9.93357
6.594347
5.211696
-6.364152
-3.612651
-8.397045
1.134014
0.638238
2.643452
6.850275
6.941708
-3.133361
-1.607611
-6.955655
1.678433
-2.24571
3.914969
-3.922615
-2.791955
3.008317
-6.997146
-5.266886
1.156658
3.296268
-7.563398
-1.790212
-0.938098
-1.880064
-8.630497
3.719443
3.963727
-5.068916
0.720994
6.553243
4.827907
-9.807847
-3.641994
-5.56947
7.374123
3.981746
4.99632
-9.733888
4.90399
-7.163499
-6.312085
-0.714484
2.156397
-4.918969
7.240641
4.608151
9.312677
-7.115468
-0.576051
-2.665903
-2.070347
-8.002486
8.09211
-7.50874
-8.968455
-9.65852
5.82856
7.383476
-3.531371
-6.192133
-4.39237
-1.369521
2.26941
-4.678571
4.803655
4.700157
8.582102
8.788015
4.900597
8.827588
5.593454
-2.265005
-9.50983
-5.686275
8.89757
3.226971
6.361414
-8.860871
5.716408
-4.394438
-4.101979
-1.275945
6.674582
4.164722
9.764902
-9.880946
-1.263762
2.376169
-1.043416
-2.214819
7.951448
0.179104
-6.956873
-2.245668
-2.067979
-4.284161
-8.004646
6.749028
3.978693
9.453463
3.788235
-0.024781
8.422796
2.287973
7.706401
7.770202
-0.315249
-5.759552
-3.117631
7.658447
-1.636937
-2.11117
-5.578422
5.429195
-9.967406
7.341553
-6.771176
-5.722134
-4.491905
-1.465181
1.646382
4.986016
-0.359709
3.492385
-9.202497
2.316772
1.682644
-8.503333
9.376682
1.948737
-0.395447
-5.804399
0.403977
6.984113
3.940077
-8.276003
-3.723642
8.416989
-7.842147
2.544682
7.369136
3.630256
2.675117
-9.245529
-4.314939
-5.257627
-4.799658
3.252575
-3.561101
-9.66109
-8.945343
-1.758924
-1.366097
1.139366
-3.681699
6.003063
8.590014
7.956469
8.826163
-2.444455
-1.044251
7.505004
-6.644802
7.981517
6.320748
-3.859512
-9.936415
0.573584
-6.066757
-6.251769
-2.334113
-1.876132
4.888689
3.914011
6.097319
5.560012
-1.993962
-3.019416
-2.394503
0.485969
-0.341303
1.367352
8.325675
-2.84848
1.222343
-6.170694
1.39514
1.642231
3.521499
-0.99481
-7.245855
-2.985021
-4.500899
-6.254862
8.51362
4.044997
8.83631
8.856319
-4.548095
-3.926459
-0.078624
-1.851793
-1.608706
-8.315029
8.470326
7.192145
1.663416
-2.428869
1.945962
0.787926
-2.425054
4.56639
-4.878096
-2.708481
6.571992
4.335747
-5.996459
-3.320266
0.391426
-6.81388
4.795123
2.41204
-2.711445
-3.3929
-6.262313
-6.123542
1.440895
0.8714
6.821319
6.007705
4.600069
1.588506
-5.286729
-1.176186
7.901297
5.655042
4.905857
7.689907
6.738206
-4.909618
8.152704
9.449612
1.819445
1.565918
6.658149
6.10658
7.98108
-0.638604
7.407912
-1.186926
-1.109317
-0.110617
1.946074
-9.441909
-5.417399
6.94991
-9.325149
7.761567
8.531919
-0.660014
7.753574
8.071582
-2.321651
5.512898
-5.854242
-2.086825
-6.531524
-3.849695
9.529668
2.747099
-3.483361
-8.087174
7.092096
8.651158
9.768642
-9.009838
5.842561
-3.902639
-6.08276
-0.158882
-3.876729
8.598632
-6.966656
-2.704203
-6.671284
4.354174
-0.139214
-0.259638
7.987539
1.801898
0.234755
7.229127
1.757558
7.995132
2.89555
4.494415
0.570892
-7.727194
1.685303
7.547437
5.078877
9.146991
-4.884333
7.21217
-6.672453
-9.735513
-9.234316
-5.859007
-5.507172
5.678308
0.188316
7.479425
-2.758109
-7.003574
-4.242414
-6.159408
5.366623
8.772034
0.916178
1.050535
1.273754
3.954445
6.635442
6.502993
-1.083427
0.039698
-0.697997
-6.7327
-8.519215
6.445536
-1.17339
-6.54454
-9.19089
-9.520591
-1.399322
1.430338
8.341237
5.174572
-1.932306
1.717318
-9.592856
-6.772613
-1.218638
1.807553
3.566021
8.399385
-2.8016
-2.119293
-7.183322
-4.394175
-6.196827
6.480434
2.454621
5.763879
-8.703518
-0.46226
3.066005
-5.577567
0.682394
-9.190695
2.941319
2.036296
2.893741
-9.181818
0.915799
-2.738969
-5.387435
9.753771
0.470111
4.141354
-0.1233
7.821258
-6.705807
-0.293681
4.026011
-6.547955
-7.120819
-0.222115
0.737415
7.456198
2.855223
-5.296927
-3.425771
6.664788
-6.739217
-3.753681
-3.582289
2.023832
4.319252
-6.911816
-1.307395
7.21555
3.144817
7.220529
7.046915
0.517682
-4.49738
-3.656229
0.555975
8.095008
-4.412214
5.72733
-4.842037
-5.242192
-8.912963
-2.139127
6.179115
-1.670015
2.430077
-8.246054
-3.732382
0.453124
-9.72905
-4.40963
6.312045
-7.974873
5.732581
2.721046
-5.396144
-6.431481
3.385478
1.332779
-3.099588
6.133541
0.907148
8.584227
-3.123143
-1.120183
6.650366
-3.836081
5.285622
5.623829
3.131619
2.041736
7.387608
-6.521784
9.171457
7.347536
-3.039878
-9.947577
9.99916
7.878106
2.792973
9.482763
-6.874319
-3.88366
-2.099132
-6.683507
-6.460353
7.215538
0.226759
-1.837657
-1.820644
4.014514
4.047987
-2.005046
-7.934562
-3.523312
-3.980516
-6.419309
1.726451
9.115598
1.579628
-8.957291
-7.211196
8.698759
9.547709
-2.439587
-0.919581
-4.645034
3.604137
8.151948
1.714715
4.142527
-9.775535
7.218508
1.041858
-9.179513
-3.298547
4.758222
-5.889589
6.075827
2.26972
2.87207
7.83049
8.201805
-3.685615
-7.24849
3.909808
4.959585
-4.513543
-1.843548
7.026296
-6.662727
-8.034186
8.794846
-9.781882
-5.776799
-9.582106
-0.954998
3.905266
-5.576934
-7.446165
0.05135
-5.725862
1.400925
-1.433571
-4.705919
6.330695
-4.703083
1.180955
-9.213702
7.422219
-6.317826
3.209575
9.856725
-5.575638
3.886185
-8.583681
8.433101
3.221118
4.170766
-9.166524
-2.32705
1.907523
-4.88632
5.094355
1.337255
-5.763219
7.321494
2.909864
-5.019525
-3.017785
3.363226
2.799976
-1.354981
3.319769
-8.779171
-5.418108
-8.080213
3.738721
4.419867
4.121564
2.583506
-3.275422
0.127725
-1.473109
-7.120202
6.220679
-7.321957
-4.371896
4.870077
7.27404
-8.058143
5.358667
-5.183324
8.275278
-8.02204
9.815329
-4.430312
-4.892907
6.597441
-3.292182
-6.755465
-3.930807
8.685863
1.046533
-0.258784
1.241531
-7.810033
1.314148
4.23896
-9.951119
-6.273791
8.560082
-0.138464
-4.720528
2.226983
-2.113574
-8.97629
9.081599
-3.068886
-0.696146
-2.785906
6.180313
-2.775453
-3.294359
-0.972
9.479042
8.016129
-8.921625
8.610042
1.954992
-7.112191
-3.439108
3.477234
8.701619
5.625447
-3.145411
-0.297023
5.42067
1.818413
0.705725
-8.818551
-6.617305
-7.336032
-5.520416
3.913626
0.965252
-0.423505
1.117253
-6.72414
-6.655394
2.332395
9.446053
-6.238654
0.647273
-5.936922
-8.787934
9.593135
5.585302
6.160702
3.072879
-8.602935
-2.86921
9.710736
-0.439194
4.217069
9.18494
4.261647
-6.373878
8.241311
4.780911
-5.208225
-9.165831
-3.535752
-1.480389
-5.017041
-2.395073
-0.836038
-5.713496
7.797045
2.826544
9.060913
2.38097
-6.22614
-8.650432
-4.162122
1.009834
7.385247
6.339455
8.435584
5.2403
0.284325
-2.822999
-6.935124
-9.814298
5.579176
2.254399
-4.669983
-7.594495
-9.559695
-0.807705
-5.134477
7.116352
-8.632141
-0.247836
-0.742162
3.327581
-6.0005
1.781563
-5.053212
-2.005296
-5.505697
6.466906
0.293893
-9.677305
-0.374022
6.972353
-7.883755
6.840079
3.389724
4.948761
4.761773
-9.37477
-1.775758
6.692601
3.988191
5.124877
2.352115
-2.387586
6.683563
-7.295394
7.059352
6.600043
-0.340131
1.852653
4.320137
-9.600607
-6.814763
6.073402
-4.253574
-1.841695
5.402165
3.698214
-8.87113
-2.056276
-5.460494
-1.058842
-2.166916
-2.706108
5.59846
-0.484912
2.621386
-5.870353
-3.8431
-0.658983
2.050438
-1.472485
5.581135
-2.707668
-5.258305
-3.939052
-0.497009
6.993821
4.842256
-5.641506
9.261935
7.778391
2.804792
0.320822
7.404719
3.486741
2.195454
-9.128733
0.477788
6.891054
-1.584001
8.830526
-2.529661
-1.524718
6.012761
-1.309807
-6.05838
2.417535
-8.168901
-7.859936
2.446515
0.693331
-7.624482
-1.753238
-9.673892
7.100866
7.000878
-8.357068
-2.88889
-5.069419
3.021433
0.249158
1.150798
7.236301
1.473712
1.446263
4.586069
-5.333229
4.849618
8.56987
2.293216
8.243857
-3.658859
-3.677945
1.374699
-8.839027
0.456146
-7.942249
1.822682
8.947613
-9.623609
-3.257134
-9.659772
-3.111358
-3.189357
-9.898581
-7.114854
2.425173
-0.303053
3.743138
-2.86648
4.255263
2.809837
5.449129
-4.00838
-0.188998
-8.541336
-3.62546
0.050675
6.545617
8.546935
4.764829
-4.361909
-1.95171
5.037616
7.890774
8.698532
-2.564328
-3.34668
4.899839
0.025729
6.796576
-1.255346
-6.997616
-2.209993
0.971253
4.290863
-2.466246
9.42945
-7.095906
-2.108666
-5.960705
-6.721032
7.203103
8.294977
9.071831
1.157377
-9.143216
-9.229994
-5.197942
9.061307
-3.365563
8.933473
-2.405754
-9.156611
5.685441
4.563278
1.654947
1.011488
4.007875
-6.530386
-3.133667
-2.126653
-7.522534
2.506925
1.035879
-6.951618
7.340772
-8.333469
-2.470816
-6.030507
5.263201
-6.30777
-8.671729
6.333732
-2.684545
4.948755
4.274864
7.401113
-3.055921
6.042575
0.411271
6.425218
-4.454886
-7.778743
2.771146
8.336647
-3.839905
1.15534
1.591804
-8.370484
2.360876
5.707484
-3.828225
-9.770944
-3.20532
-1.696335
2.042807
-6.433321
-9.022312
7.799299
1.072003
-1.413624
5.603935
-8.233149
3.678383
6.737086
-2.090512
-1.955336
8.449674
-6.867559
2.723715
-0.076841
0.008679
2.782099
1.57957
3.40796
-5.000417
5.166714
-1.091357
-4.932151
-6.79138
5.057238
8.428709
7.484591
5.78156
9.258496
9.453265
0.746367
4.548889
-8.373856
-9.380363
-7.800504
2.508664
8.986079
-0.516228
8.299283
-6.070975
3.915231
2.772944
-7.283762
-3.805299
4.341644
0.569376
4.062134
0.06
6.52271
1.802223
1.493533
6.668165
7.119728
2.945924
9.857627
2.75941
7.433121
0.60685
6.330422
-2.836031
-1.567937
3.616778
8.219894
7.016582
7.545284
2.938491
8.29246
9.84605
-6.887488
-4.325024
-3.517264
-0.52654
6.558263
7.688897
2.625583
-8.738194
-2.208716
3.811989
7.337513
-7.110037
7.325566
6.060352
5.934269
2.996184
9.900051
4.7123
-1.218755
9.668985
0.392923
9.438419
1.344578
5.520027
4.041359
-9.523623
-7.5795
7.725636
-8.944778
-1.275198
0.926178
7.196395
-5.615824
-3.304976
6.94757
-1.353733
4.862653
-7.171927
4.209427
-0.220556
9.136407
-1.498198
-2.378435
-3.832008
-5.946526
2.615576
-6.844353
-3.666292
0.039869
7.080586
-5.704897
-6.877091
8.452672
4.273729
-2.435448
-8.395584
-3.654311
-6.215887
-8.533847
-3.448666
-2.260589
4.596245
9.380234
-4.729967
-5.268457
-5.717929
-6.42025
4.383166
1.292656
-6.607016
-1.506779
-2.162195
-0.29625
5.064504
6.815563
6.380144
-0.009913
4.960463
9.717279
8.952307
0.394345
6.956559
-7.075456
-0.160019
-0.459994
-0.806775
1.514841
8.713887
-3.284112
-1.890533
6.594662
0.319346
0.910324
8.094529
-9.995891
-1.172736
6.027346
0.396993
-3.144773
-7.887035
3.636854
2.214404
-7.386874
-9.979145
0.528498
1.112843
5.379891
2.024283
-9.337636
4.027398
-3.462037
4.148562
3.262218
6.094113
-4.438286
-1.28394
-1.584778
-0.765149
-3.161634
-8.671298
-5.73658
-1.61491
-5.360707
1.337437
-2.945133
2.847894
-5.806187
1.54252
1.569767
8.816748
5.135805
7.558305
0.57075
1.021868
-9.325823
-0.08862
-1.048407
-8.63873
-1.490821
-0.260688
-0.496826
9.961621
-8.377961
0.6039
-3.779914
-3.278186
-1.272693
7.983597
7.4456
-6.655359
-4.08794
2.020184
3.842379
2.06965
-4.722941
3.573085
-0.398118
-0.732692
8.353817
-4.596563
7.089427
3.767917
3.726345
-2.962179
-3.780747
3.818851
1.311643
-8.579593
-7.284572
3.947936
-9.545338
-0.272628
-7.778365
3.73802
-4.048935
2.399238
-2.730121
6.459986
-9.272422
9.486998
4.097781
-9.890982
-8.441822
-0.439169
7.892127
-3.016199
-9.980328
6.032115
-6.735737
-5.288395
5.440368
1.746018
7.56158
6.329963
-9.559999
2.537057
5.681272
1.383295
5.609094
3.987385
0.531803
7.317811
3.755256
-4.936986
1.380095
7.820129
2.922824
7.651437
-8.078315
-5.40821
-2.989854
1.903656
-5.929635
-8.208395
4.3659
-0.639793
-6.266278
9.423403
-9.593328
3.723439
8.019844
4.846034
-0.660512
-5.209693
3.112213
-6.774241
9.013789
0.682941
-2.19896
-0.867798
9.322993
-7.738729
4.449324
-7.138675
-4.841109
-5.069529
3.467149
2.623235
-4.382491
0.456413
6.360288
-8.927362
-1.499554
-2.90804
5.284158
7.139868
6.391788
-2.240332
7.860498
5.133188
0.731672
8.173034
-8.548993
-3.24587
4.887454
3.212785
9.130373
7.466027
2.946363
-1.435924
-1.545427
8.885936
-4.784248
-4.98586
-9.720642
-8.251712
6.724849
-3.80892
-2.518965
8.979687
-5.160022
7.583085
-3.017326
6.969126
8.974393
0.639104
7.981835
-3.608357
-4.561722
5.331065
4.835474
8.692203
-0.673776
8.341484
-9.051202
9.138606
-5.739969
3.670316
8.462323
7.395617
1.518606
5.259209
-1.40431
3.089504
-6.464297
-7.149282
5.8997
0.822453
6.540196
-8.656435
-6.558373
4.581055
0.349325
-7.155489
4.007932
0.905178
-5.002519
-5.025166
2.677008
9.808243
-2.967395
-5.542325
2.895781
3.757439
3.441382
-1.519851
6.324066
-4.31236
6.758967
8.414738
9.318989
0.621521
-5.509503
3.442721
-9.361626
4.92089
-4.197199
7.505682
-9.184152
8.712905
-1.381448
-3.693838
1.674379
9.848378
7.260289
-1.259591
-0.030001
-7.600657
1.704584
-6.162549
-8.311758
-0.635142
-8.797724
-2.771912
0.772726
6.448702
-3.676362
3.540355
-3.960046
-3.41441
-3.673984
-1.418436
-8.464267
0.706189
7.821475
-1.674819
2.138811
1.01382
0.998538
-8.985843
-9.578097
-4.169956
7.475168
-9.356672
1.605688
-7.144035
-9.932295
-7.046694
3.607607
-9.413754
-0.776472
4.879654
3.025099
-1.980071
8.01315
1.011183
-5.637355
-6.09911
6.670092
-5.524748
-3.070924
4.937601
1.46006
-2.270262
-6.120834
-9.245413
-1.508998
2.663162
5.522371
-8.044275
-2.085131
-7.007929
7.373738
-1.927817
0.192895
4.950378
2.169857
-9.904965
5.47888
-8.964663
1.66347
0.651855
7.197248
7.079788
3.043374
-0.942034
-7.679218
-4.182736
6.776521
-2.561424
5.624188
-1.941013
-6.033399
-0.234561
8.278479
7.827184
1.598707
-5.978341
9.958795
-2.134165
-3.110864
-4.488787
-5.08087
-9.273919
-2.23004
-2.058531
7.71588
4.287238
0.794278
9.137717
-5.834255
0.46201
9.444855
-9.588173
-6.542374
-7.019651
-6.573019
-0.251099
2.381109
9.708593
-2.658679
8.965982
-6.063047
-8.22814
3.016852
6.693924
2.502395
-3.43716
0.274491
8.179291
-3.591711
8.332419
2.357286
-5.226603
-6.612301
2.062824
2.692853
1.470737
-4.950807
-1.634195
3.983824
-0.972767
-8.542883
3.217973
-6.133317
7.958279
-2.803923
0.570281
5.146436
1.427887
-7.2306
0.364967
9.510505
-0.574001
-8.294223
7.8396
2.828239
-3.535893
8.778362
-5.736063
4.063243
-3.981915
-5.733989
-5.698392
1.546088
5.017784
-3.313391
8.472223
0.988056
-0.44437
2.455206
0.893819
5.166892
8.354541
7.192198
-9.330573
5.85525
-6.285281
4.617597
-9.008591
-6.303605
-2.685677
-6.208577
3.040511
2.006426
2.326463
8.994997
-8.726559
0.91826
-7.485077
-4.133696
-1.833898
5.263132
4.580646
0.491676
5.489434
-1.969365
-3.423826
-0.980847
7.705455
5.059263
-0.392185
-2.347649
-1.53392
-4.023011
0.389259
-9.743609
8.760955
-5.556304
-4.978415
7.485594
-8.329234
-0.253987
-5.476151
-6.456455
-6.042925
-6.220759
-2.255972
7.218907
8.785672
3.144572
-3.93336
-3.221279
-4.921758
-2.996566
6.208419
-3.335571
5.431757
-0.063722
-9.745789
-1.387773
-1.096675
3.819184
-5.069335
-3.9127
-6.203275
5.494795
-9.168423
6.315706
0.989727
3.438061
-2.138818
4.141289
3.540133
3.324325
5.884074
9.481464
0.5695
-9.724774
-5.479352
-6.864478
0.156358
-6.043234
2.941954
5.752937
3.873398
-5.083222
0.581418
9.109324
3.201229
-1.748278
-9.474793
6.570301
2.924105
-0.487843
6.268003
8.674667
-6.469341
-1.52484
2.471453
-9.610877
-0.328977
7.181802
-4.598891
1.70811
3.661034
5.893468
6.61778
3.269754
4.970267
-8.201817
-5.176494
7.699367
1.735622
-4.891266
-2.469867
-1.114388
-2.502022
-8.457428
0.267128
-2.350686
-8.852258
6.580581
-6.481343
-8.486958
9.593853
6.566226
-5.458493
7.573144
7.290678
-6.061458
5.414497
-8.074072
6.226183
-2.575966
-5.08134
8.583617
-1.740958
2.385824
-2.178152
7.450178
6.563982
8.077702
1.303604
6.695493
-0.772633
9.96922
1.871582
-7.152382
0.870712
4.484051
-4.768667
5.498749
3.843545
4.73235
1.654839
-0.532057
1.604702
-0.708237
1.011273
-0.956446
-5.220673
-3.147487
0.884273
-5.690678
1.427137
-9.184625
-5.863038
-4.857076
-9.180227
-9.426153
-0.356172
2.101726
2.925076
8.384373
-2.074191
1.8037
-7.482273
-4.748716
-8.845747
7.775034
5.210541
4.191299
8.194754
4.913996
9.160112
6.064493
-7.062121
-2.424688
-2.111812
0.823668
5.402129
3.252026
-1.466705
3.708017
8.905263
-8.474987
-7.369053
-3.734158
-6.499895
6.134733
6.636079
-5.956393
-8.73102
-1.088057
-6.209648
2.126438
8.964356
-0.681658
1.401711
2.678742
-7.775925
9.518788
-7.327584
-3.490563
1.819752
0.090341
-9.671276
-4.113225
3.362538
-3.351931
-8.939698
4.722294
-8.184971
-5.894569
-6.542215
9.921201
1.550646
-0.714606
4.575731
1.931773
8.459995
-5.796359
-4.30534
0.339434
-4.855155
3.231278
-2.619478
-9.141924
-0.167052
-7.543022
4.857316
4.429061
4.557491
-6.117524
-0.588864
-6.345064
4.104688
-9.999385
6.148409
9.579597
6.417055
3.911128
2.172386
-0.908869
1.29938
0.127132
-2.69032
0.863008
-7.420918
-8.540411
-4.058053
9.248241
2.32126
8.418328
4.362311
5.41292
0.081506
2.240401
-9.397933
-8.055636
-9.700533
-1.258652
-9.232533
-6.730985
-7.954167
8.786788
-4.040533
-5.396275
6.232007
2.094015
-3.507623
-4.738037
7.921844
-6.582166
-9.125508
-1.741393
3.935793
3.76038
-8.158231
-1.323835
1.199896
4.46648
3.96328
-1.130511
5.051383
-0.073263
-7.653839
-7.11811
-7.504762
3.708042
-9.677236
-5.505158
9.794511
6.90471
0.060745
-8.244284
-2.507098
-5.759716
-4.881521
0.179121
7.586942
-7.511899
2.706091
-7.335485
-7.044457
0.329575
6.097848
-4.49645
2.475079
8.239502
1.56305
-2.629661
-3.952356
4.967694
3.468459
3.175501
3.19604
2.697881
-0.14322
9.393923
-7.868305
-8.943596
-0.13224
8.331906
-1.313512
8.150503
-1.508176
0.4459
4.770318
8.600163
0.041048
-1.483247
8.922122
-1.911962
2.349309
1.112336
1.874522
-8.853435
2.952842
2.477157
7.898242
7.264365
3.127563
1.400831
4.886173
-5.862857
-9.629275
3.72229
-2.145937
-1.884422
-6.932493
-6.078814
1.203762
-1.789227
9.084665
1.099744
-3.860951
-3.253026
-9.599998
5.987731
-9.95143
4.954136
-8.698318
-7.182312
-4.939934
-4.265544
-7.490702
-1.897925
-8.751798
-8.749153
-8.17535
-4.053072
-8.562487
2.763372
0.886462
6.838777
-9.262723
2.668749
-7.311069
9.55015
-6.75378
-5.242544
8.858366
7.688377
6.58724
-9.745051
-9.206631
-9.569207
0.454868
8.686218
-7.04889
-3.650002
-0.266645
1.170191
8.756018
-4.315698
-2.966119
3.81668
-2.492886
-3.654328
1.010033
-6.018349
-3.089605
9.657997
-8.097533
-5.89743
2.505702
-4.247121
0.1107
3.885155
-6.904738
-6.606817
-5.530708
4.347228
2.231452
9.87953
-3.132152
-0.033269
-6.371762
9.334291
3.973443
2.959878
-6.244515
6.191369
6.749745
-7.340962
-7.317414
7.349684
0.736346
5.139076
8.7373
5.526144
-6.82079
-6.524412
4.156074
2.59996
7.391504
4.512771
-3.764308
2.231236
2.245096
9.174378
9.583668
0.270113
-0.944323
3.154486
0.207028
-1.093553
-6.236485
-6.602343
0.821229
-1.781474
0.30992
4.726286
-6.673093
-4.679101
5.728259
-3.858292
-2.925881
8.038219
-9.70017
-2.644928
-6.492034
9.623645
8.707361
8.088988
0.18576
1.399685
2.106919
4.566565
5.79523
7.323813
2.095435
-8.643084
4.283715
-1.642112
0.2793
5.089498
8.336836
3.375199
2.475424
9.951542
-9.673089
4.347822
-8.013666
1.106558
-4.875807
-2.71506
6.676301
-3.50058
8.034306
2.565671
8.060813
2.630991
2.19687
1.054077
8.325482
-9.809378
-7.785097
-5.638985
7.842826
9.276613
-6.547672
-4.275564
-0.600135
-5.439707
-5.758656
-6.332131
6.140304
-7.216442
1.990456
7.154125
-5.608537
-1.440288
-9.667442
-7.661176
-1.339061
2.353774
-5.910879
8.374292
1.460962
9.969853
-0.173558
1.775657
3.483441
2.815646
1.597831
2.3011
-4.839331
4.548363
4.981529
2.093401
-3.046397
-2.824894
-4.478468
-9.180998
0.947986
7.423038
0.913507
9.608256
1.571757
-9.319173
2.130046
-9.505548
-2.966282
9.815758
7.170166
-2.206564
-6.178747
-8.592103
-7.230227
-5.550112
6.974975
-3.132427
7.350469
8.656816
9.838172
-3.643744
5.273962
3.533639
-6.952018
5.614774
2.479292
-7.863715
-1.60615
-4.082046
-0.358127
-5.415446
-6.242293
-9.80557
3.110182
-4.092318
-3.852632
2.727165
4.444181
-1.746925
9.405663
-6.948897
-5.334994
5.762091
-1.758539
-7.005155
5.774967
-8.428898
7.482356
-3.4552
5.188235
-2.291985
0.77216
-4.172593
6.889136
-2.699662
-7.755352
8.682141
5.797537
-3.655142
-1.378014
-1.711668
-6.444055
5.858663
5.098018
5.920518
-6.431298
-2.654834
3.568986
-8.023006
5.167007
-3.206884
-9.974875
-3.11315
8.238953
-2.745409
-3.622701
-7.753873
-2.359165
-8.079488
-9.77016
2.881599
5.924708
-2.053431
8.785742
0.005969
-0.381205
-0.341045
7.783518
0.254938
-1.864284
-4.099269
0.050304
1.941138
-1.179191
8.014686
-9.402115
-1.169699
-8.214026
-2.675104
7.002239
9.434675
-3.298297
2.607482
-5.454196
-9.1179
-9.491929
2.132422
1.450349
6.461966
4.983828
-6.076828
-8.590004
4.8899
-5.22168
6.031392
1.062769
6.42093
-6.501642
-2.854811
7.799677
-7.710588
0.112291
-1.510457
8.748103
-6.210596
3.027064
-6.75085
-0.949807
-2.845072
-6.352673
4.83141
-1.237292
4.525265
7.533809
-7.628781
8.550619
9.247043
-0.930377
-9.323743
-4.821686
-7.904227
-6.583176
-4.485914
1.130775
-8.07813
8.837999
-0.655032
-4.924412
-9.570195
1.737042
6.106916
7.127231
2.386861
0.902148
-9.602466
-2.121198
9.775006
-6.462878
6.550367
2.833935
3.51251
-0.457292
-1.979372
5.550821
4.488235
0.339136
-9.974686
-1.245552
-4.925262
-8.381289
0.3405
-2.207
9.84688
-4.118019
7.298502
-6.984224
0.927382
-2.880922
-9.426929
-8.061715
1.398417
7.354839
-9.402658
-6.125869
6.323408
2.872771
3.731013
0.757313
-5.131681
-0.093171
-9.0997
7.13785
-9.858525
-9.184824
0.747408
-8.32325
-3.4061
5.156461
-1.609791
3.533307
-4.818381
9.184417
-8.481334
2.373801
-5.856936
-1.819101
-4.018339
-9.924918
9.360712
3.861289
5.984146
-9.992941
3.719674
3.194754
-6.241732
-8.494314
3.806902
-1.734371
-2.851678
8.378055
7.19328
-5.984463
4.990712
-9.584598
-4.203526
-9.904876
3.42005
-6.175262
-0.005805
-3.914944
-5.467142
5.07476
-5.23239
2.559368
1.805727
8.286257
-6.308934
-7.666919
4.813899
-2.772424
5.72358
-4.025619
-8.181815
8.241374
5.169463
9.572579
9.862148
-6.287074
-8.702333
-5.249238
-4.679817
5.693885
3.866854
-5.519798
3.667406
-2.536861
8.945234
6.869461
-7.754301
1.041603
-6.687803
7.387818
9.317473
4.691445
5.335159
-6.443093
-2.632066
9.885481
-2.76269
6.249829
-0.281999
7.22073
9.094432
6.925868
8.310438
-2.748712
-7.331024
5.279287
7.490606
-1.587583
-2.496585
2.981612
9.18606
-7.511647
6.237355
5.876467
4.033513
5.960947
1.595796
6.547767
1.752352
7.461032
8.826252
-8.981076
2.358494
9.55522
-2.66638
-9.558443
-2.13078
1.719132
-4.877234
8.085441
-9.852073
-4.073391
6.225426
-5.040522
-6.361689
-3.883632
-6.127932
4.698081
7.268581
-5.422689
7.124919
7.099822
-2.005214
-2.040072
7.611128
-4.478607
3.675307
8.96385
1.384193
-4.998566
0.909733
1.438313
-0.378475
-5.835744
-9.571736
6.701039
-9.939815
3.692094
-4.274033
-3.886547
-9.006415
1.346719
-6.040304
-7.111945
0.704333
-2.407888
-3.583194
-5.006471
-1.332772
4.879892
9.320036
0.231742
-3.471676
-6.283796
4.778946
-6.014542
-6.749675
1.791109
-0.141133
-8.874896
-9.99267
-9.906221
-4.642124
6.601572
6.181921
-4.10487
8.74491
-1.399545
1.730388
4.962852
-7.729656
-6.321697
7.024144
-4.803655
4.88214
-0.97981
-3.537945
8.92663
2.862882
-8.389972
-4.288098
-5.317272
8.884463
2.760915
-5.713373
-1.751135
-7.526524
-9.855762
0.657175
-1.876774
-3.016308
6.667265
5.552012
7.103666
3.451726
8.525271
6.800458
-1.766852
4.542173
-5.895597
-8.507408
-9.963541
-1.218231
-4.656634
-2.595427
4.041994
-9.320253
3.657321
-2.281614
-9.231244
-0.150153
5.016647
-6.853289
4.210244
8.024426
-5.54959
8.433651
-4.993748
-2.520935
3.571545
-6.588641
-1.490945
3.081229
-3.795222
-8.370641
5.294138
4.284607
-5.604401
-2.859454
-5.799629
0.571772
7.125964
3.313157
5.477719
2.779344
-2.024372
-4.809034
-8.145415
3.879968
-3.197675
-9.350492
-2.850581
7.861842
2.728792
-1.513474
-8.876011
4.971497
1.233193
-6.787703
3.114404
5.727677
-5.967007
8.789008
1.28228
9.889429
-5.017188
2.657381
0.46047
-6.783807
-7.43024
-8.232131
7.776321
9.276771
-9.215911
-1.154399
1.935156
1.1961
1.810724
3.34584
-5.753338
-9.782213
4.223835
9.84692
8.014759
9.300135
-4.301178
5.230637
3.343734
-8.996295
-0.907688
-5.624332
4.595458
-4.834703
1.052501
1.303465
1.552346
8.143384
-7.896393
4.029888
-0.355014
-7.731317
8.659099
-3.044673
2.370252
-4.527605
-7.629709
6.651251
-8.046013
4.418923
9.446252
-5.352484
-8.741939
-3.124193
-7.920348
9.922728
-7.875745
-6.625617
-9.196473
9.981377
2.011773
-8.397764
-9.777269
-1.484663
-4.605948
6.720102
5.772833
-5.077837
-9.936322
-4.780377
-6.965034
-5.398719
-5.561406
3.351195
-1.332919
8.072853
6.300537
-0.42204
-0.521909
0.128649
9.466304
-1.590532
-1.375031
-6.818184
7.978404
5.858433
3.502528
5.642988
-2.409524
6.529571
-5.885191
-9.988023
3.44224
4.989751
1.460121
0.755122
0.917344
-9.241548
1.213051
7.272875
-9.602064
-4.839616
0.364363
-2.057026
3.688158
-6.906782
2.237002
0.007989
5.673511
2.723244
3.700735
-4.268162
8.304498
-2.817014
2.328546
-3.324783
7.024338
4.604168
1.506337
8.632512
8.253037
-2.663338
-4.72891
-3.535364
-5.103091
-4.276932
-7.860853
5.287397
-2.54502
7.152379
-9.818967
-3.907936
9.207451
7.389392
9.889015
9.417994
7.769136
2.890776
9.318146
-7.094653
-0.821596
1.412326
5.629197
1.720177
-6.010853
7.412203
0.153751
2.862454
-9.789474
9.71044
-9.46827
9.729261
2.514935
-0.628596
2.892074
-0.500728
8.747232
6.293854
-9.736598
-1.425951
-3.575055
5.586312
-3.604026
-3.005314
8.889025
1.176226
-3.337143
-5.228748
-9.81921
-5.875546
-5.994136
4.914519
9.16948
-2.293953
-8.742965
-9.58515
9.707375
7.669909
7.545122
4.331581
0.140469
-3.530505
-2.984646
-0.253486
-6.010162
-1.516761
8.918567
0.403632
0.366145
-0.308467
0.117423
7.851786
2.980918
4.728363
8.530939
5.166618
4.130565
6.769879
-1.708163
2.239011
-4.734724
7.45624
6.386686
-0.499164
2.962292
9.160661
-3.655042
1.525614
7.515585
0.26983
-8.390104
-6.023691
-8.248891
-2.666598
-8.741368
4.762862
-6.567348
-9.740095
-8.991611
-9.251093
6.511409
-9.243674
-2.5405
6.846975
6.558931
-4.432937
-9.71797
7.005633
3.041833
8.314184
3.843343
5.13998
2.367266
3.529909
2.436738
-7.629095
-5.037028
4.506951
8.682831
-6.820434
-6.233941
-3.719957
1.251348
7.639791
-6.834955
9.0538
-0.335885
-8.946989
0.362304
-2.913627
-1.995386
7.978364
-9.389739
-4.115932
0.942082
-2.932409
-0.129374
3.707158
-0.782412
-8.196387
1.067907
-8.848755
-3.064639
5.047047
-4.972282
-5.402587
-6.220805
-9.571902
1.536174
-6.355278
4.622902
-8.627483
-7.611524
2.521105
2.313429
-4.319197
-6.979781
6.90754
2.373694
-0.493788
-7.299667
-3.319858
2.329529
-7.068606
1.173967
7.29431
-1.874131
0.763584
-1.76184
-7.564125
0.937306
-8.34253
7.870604
8.545898
8.394198
7.459557
-5.068491
2.050812
4.935921
-1.316234
3.931779
2.673222
-8.587432
-9.035765
8.033785
8.063358
4.397009
0.498351
5.932734
8.26958
5.059922
3.590708
-9.048697
-4.935883
-3.3306
-0.843706
-4.155304
6.017136
9.874564
-2.134342
6.081946
-3.721337
5.648777
-4.776133
-3.008672
-6.117771
0.649847
-3.822733
7.781246
-7.380219
7.93982
-5.641777
-5.647559
3.765434
3.615312
-7.085571
1.973076
-2.644741
2.151745
-1.545323
-0.218459
-8.000631
-8.209918
6.99934
-7.163629
6.72144
-3.855519
3.66283
-1.736408
-0.209676
-4.932584
-4.217627
-6.908348
5.807533
-9.682365
7.432804
5.717268
-4.999196
-5.994171
6.460964
-1.368988
-5.654
0.833107
8.555372
7.349009
0.843679
0.987843
4.647287
-3.22755
-9.225304
0.337148
-7.783095
-4.303067
-3.788309
0.721776
-9.117549
-5.302633
-9.773234
7.100138
9.730462
4.164307
-9.610908
-7.503438
5.172334
-0.490846
4.175764
-2.927154
8.436883
-3.98822
1.823851
1.360111
-4.629868
-4.275125
9.153962
8.478059
7.0699
4.513151
1.396831
-3.582225
-7.914169
8.699091
5.541294
-4.841599
7.658604
1.639914
-8.156916
-3.575928
-5.254662
5.330657
6.505406
2.553063
-1.265761
7.082071
-1.882519
-7.092129
3.036468
8.127771
7.802005
6.519195
-1.251536
-0.333095
2.76449
0.70157
8.380653
3.581367
6.933464
2.259013
-8.722228
-8.420752
-5.091939
1.846075
7.713337
7.862434
1.895895
-4.667969
1.81754
-5.127252
0.415867
-0.146268
8.698679
8.080676
-9.012196
6.38417
2.038799
1.987477
-1.040069
7.797599
5.541256
-7.11087
-3.062379
-4.979699
-5.564516
-5.879334
3.419026
-2.647517
-5.033124
-3.444327
6.888355
-7.064674
7.402979
2.015395
-0.435132
-6.726549
9.949068
6.570236
2.415113
0.671491
2.250663
-2.161658
-9.441158
-6.263128
-3.263225
-7.949968
5.179667
1.03953
6.799257
7.699528
1.681546
3.203707
-5.606975
-7.918823
4.69004
7.497014
-5.687077
6.939384
-1.578842
1.678845
7.650488
8.036124
6.287962
6.553304
3.929611
6.635535
6.303151
-4.688148
1.543131
-8.97735
-5.956907
8.752693
-6.439682
-1.906344
-5.911369
-5.31655
-1.761299
-8.12828
4.82531
-5.598641
-7.028522
-0.839549
-0.520032
-1.91395
9.380575
8.889631
7.032413
1.471557
-7.370157
3.727274
-5.116162
1.010349
-7.027765
3.615977
-5.678317
8.794578
5.357183
1.216787
-7.789398
-5.830692
-1.147594
4.238345
-0.589185
7.830134
1.136652
-4.829914
-5.899167
-8.708158
6.293771
7.745803
6.759753
7.84405
6.753187
-0.097943
-2.097506
1.90907
8.670276
-6.05605
9.067214
4.329069
-7.264032
-9.423431
-7.00958
7.672081
-4.011671
6.083339
4.111639
-6.111043
-3.250143
-5.112673
-7.691593
-3.312449
3.975926
0.086
0.834745
-0.691034
2.726666
1.222691
-7.022186
-8.002891
-3.35826
4.116825
5.980975
0.471811
7.199646
3.245446
6.254229
2.6165
7.672077
-3.682327
-5.074254
2.662979
2.786537
1.021269
-5.081011
4.997309
3.084292
-0.792133
1.120256
-4.114929
-2.220076
9.331833
-7.173739
-0.156845
2.175339
0.007935
-0.845856
-8.005642
5.961402
-8.719593
-2.742743
-2.043583
-6.599089
7.79485
6.521558
-9.542147
-9.232125
-8.80861
-5.328336
-6.517612
-0.549191
-7.459983
-9.168453
9.992906
7.745204
-8.466202
-3.1232
-5.96244
-7.114801
1.120079
-1.297223
-3.707431
-0.115492
-0.377768
-9.157421
-8.418853
-1.662056
4.134407
6.194883
-1.982907
-9.673087
7.278625
-9.416541
-4.613442
1.783938
-0.324456
-4.715263
2.242595
-6.640973
5.220767
-9.319138
-9.310428
-3.537522
5.953522
7.044259
8.347116
-1.819795
8.320375
-2.37898
0.288253
-6.045691
2.614676
-4.743912
7.566685
-3.565534
8.277936
1.089242
-2.411388
3.038267
-5.352364
-0.206621
-1.055394
-5.040908
-9.400016
-7.318687
6.020092
-9.639982
-3.315023
-5.866404
-8.140881
0.151198
7.603787
-1.297004
8.994835
-4.752556
6.104562
-9.603726
-6.500895
4.796127
-9.13679
-0.373541
-0.316233
6.08691
2.639896
4.900235
-8.645309
-6.710373
1.559087
0.310896
8.286905
8.88337
6.452205
5.685448
-4.631324
1.580485
0.141651
3.438401
-4.413357
-1.251713
-5.258946
5.104983
-9.520161
6.465478
6.714007
-7.84621
6.808319
-6.433873
3.102966
-8.754856
-4.370415
1.487828
9.030447
2.662886
-6.324272
-9.038366
6.155174
-4.783701
-0.90684
4.171137
3.878533
-6.167204
0.209079
9.490565
-3.393982
1.775639
-1.555702
-9.478261
8.749735
-2.735264
9.739679
-0.394505
0.738439
-4.054143
-8.829179
5.524481
-4.794611
6.413455
2.666341
8.165849
-3.180319
-3.230479
3.385423
0.294215
8.771489
-1.787039
6.194872
-4.91331
-4.208302
1.762924
1.235999
-5.010936
-8.815046
-8.776688
-2.838983
-2.930965
-1.366653
-0.782723
-3.308868
-6.075225
-5.373478
-0.033835
8.965121
8.902683
8.208617
-4.068304
-3.585659
-5.181594
7.254845
4.383047
8.904467
-7.191112
-9.540419
-2.004652
-8.43887
-0.534842
1.905968
9.811227
-1.017426
4.836832
4.931864
3.580061
0.993181
2.9642
6.90976
-5.827906
-9.314292
4.361785
-6.99526
5.063551
-1.544065
8.802229
3.165207
-3.563036
-7.045413
-9.137139
-8.366114
-1.233606
4.342021
9.859236
4.774246
0.570102
1.600529
1.680131
-8.833047
1.74181
-8.652186
-6.786203
7.778563
-3.922098
3.332363
-3.565624
-5.941487
-1.391677
1.500163
8.441718
1.490636
-7.075696
-9.976056
0.375176
-8.138837
-3.430401
-8.358951
-8.907348
5.54988
0.893806
-1.747421
2.832446
6.984061
-9.591916
8.492573
4.824617
2.381128
2.143444
6.750807
2.074989
7.022696
-3.019689
-6.325049
2.322175
4.709612
9.145901
7.053102
2.132507
6.372874
4.391011
1.988082
4.141611
-7.216929
-3.298519
1.600188
-5.544529
-4.386768
-9.04808
-9.881267
9.806261
-8.888494
-7.598792
3.258655
1.234241
-7.458018
0.88888
2.743656
-8.26319
5.135565
-6.295907
-7.868732
6.409079
-1.147898
-7.511874
3.689739
-5.763533
0.650454
-7.968253
3.841308
2.732125
-3.405404
-8.338521
3.445264
-4.030969
7.175568
8.91298
-8.555759
-8.713267
-9.217641
-9.756912
-9.762437
9.368333
-4.112489
5.054386
2.659535
4.155047
-3.521092
-3.572551
-5.908503
-9.375711
0.971171
-7.054781
2.549958
-5.854336
-6.03189
-4.329799
-7.826092
-1.208802
6.183105
-8.168148
3.393874
-9.260761
-5.129116
-4.350417
-2.931363
5.420611
-9.491633
-1.235595
-2.320591
-4.482257
-6.873183
-5.519597
1.333957
7.037683
8.106034
-2.533176
-8.906072
-4.203901
4.302645
-2.788613
-1.795575
-6.013099
7.341812
3.09017
-1.033287
-0.395404
-8.846418
-0.852352
7.632258
2.006411
3.506878
-3.197681
-0.977102
3.470833
-0.299508
-4.622815
-6.959052
-3.644296
-2.553435
2.210974
-6.734376
6.723167
-5.750751
2.221962
3.140436
4.643931
6.130259
3.841391
-7.310602
-2.555406
-8.31329
9.092094
-3.981149
1.606898
7.309541
3.032622
8.55327
-0.759032
6.863062
2.058325
-3.299139
-2.024316
4.034659
-7.764266
3.097864
0.327751
-1.676989
-8.177898
2.99071
-9.075951
-6.524921
9.794737
-9.113915
8.589121
-0.083514
-3.166399
-7.020417
7.946311
-6.192069
3.4026
-0.366619
-6.992809
-7.269188
-6.367986
-8.686987
9.781413
-5.183016
8.992703
-4.790957
0.303982
-6.507245
2.897667
-4.117141
-9.480277
-7.101375
-1.296898
-8.53979
-8.208909
-2.717207
2.227326
-5.247308
2.539326
3.435775
4.626498
9.736699
9.224855
-3.350664
1.009549
8.661526
5.959815
5.194309
7.420257
-0.010476
-2.744096
-1.211061
4.755042
-1.41166
-8.08563
7.480503
-7.455691
8.838002
5.931063
-0.549977
9.641437
-6.906528
-3.960966
-8.152039
-6.652044
-1.302913
-8.67267
4.195283
-1.111002
-1.89103
-1.63823
-3.908591
6.582271
-6.584537
4.232587
-7.519033
4.585353
-2.809307
-6.860333
5.749368
-8.44349
5.667412
-3.004798
-5.855789
-8.447632
7.541617
-8.627516
6.919392
-5.453706
1.989705
0.665989
3.471338
-1.98118
-0.931621
-1.997346
2.138552
3.936182
-3.613701
7.531013
9.600829
1.37267
3.321653
7.051118
4.718495
5.762058
-9.420423
-0.225675
7.845919
2.36383
4.654696
-7.620289
-8.039162
-7.398766
-5.098566
3.210187
4.015283
-7.454949
8.569202
4.96686
7.783715
0.875904
1.371252
-6.765719
-2.094041
3.166077
9.59791
5.008397
-6.339236
6.242054
8.382406
-6.416893
8.606872
7.804987
5.561788
-9.613263
7.410326
8.187518
-7.883885
8.181247
6.526058
-6.107338
-5.700931
-1.887424
2.787384
4.083282
-0.084897
-1.386251
-3.934378
-8.386374
-1.412778
-6.711863
-7.64771
-3.09168
0.22076
9.282261
0.197682
4.750385
-8.531997
3.466879
-1.293975
-5.136249
5.556001
-3.155616
-6.137856
5.399274
8.156749
-8.518673
4.817372
1.212997
6.677049
-4.687521
4.706397
8.289407
-5.6684
5.355652
-2.230764
6.181704
-4.353592
5.891763
-5.706543
2.641047
1.55663
-6.046337
-9.894205
-0.596945
8.448568
3.114381
8.341177
4.602926
-2.548906
7.856571
3.446813
0.058029
2.652619
-6.282745
0.911219
-0.896233
8.093199
-3.661923
-2.215167
-5.031742
8.001253
-1.660121
8.621963
-8.771553
6.811817
3.270436
9.640315
-3.586564
-3.367797
1.250635
-4.185713
2.809203
6.114323
1.829397
-6.632456
4.129435
8.13206
6.609671
3.635942
-1.166602
-8.351851
3.053316
-3.525957
-8.910524
-8.778363
-0.722825
-7.389518
0.091811
-0.468173
9.113246
-5.899633
4.484279
-0.737147
-8.839721
-8.731086
-4.933209
-7.44513
3.399417
-2.349325
2.269674
-7.592407
-5.238852
2.73136
-9.651287
-2.340578
-3.887125
7.771927
-3.373426
7.854461
9.882937
-5.032358
-6.951314
-6.015485
0.356166
-7.336328
-6.692242
-2.238829
-8.511826
-7.661525
-8.674772
-1.848653
2.30295
-2.914986
1.267531
0.505912
4.954937
-8.260711
-5.030555
4.978896
-6.698153
5.736366
6.78698
4.03595
-0.468138
0.506254
-1.329746
-7.738411
-1.33971
-4.62437
2.070587
-2.177673
-6.263627
-9.149717
0.742733
-5.066728
-9.930737
1.297746
8.529271
3.341869
-9.080406
6.399194
-8.396105
-2.371884
7.545652
-4.968144
-0.463026
0.524948
3.640197
-1.0603
7.122667
-9.91286
2.668105
-1.717575
3.458535
-6.794247
4.26612
4.480949
-7.669081
5.504843
6.479617
4.905768
-8.547212
-5.187326
-4.256053
6.00818
6.964708
-9.478755
1.015835
9.62392
-1.785758
5.265371
8.000366
4.641476
4.621151
-9.96699
-2.350672
-6.168612
-9.980006
4.484297
1.704132
6.205748
-5.957633
-3.854834
3.463053
1.273159
6.937934
-1.730811
4.688109
-9.068466
-2.589852
-0.133284
-5.374282
8.614752
4.062791
9.893016
8.116389
-5.596363
7.10564
4.417138
-8.351616
-7.998948
-8.088902
3.453677
-7.506081
-3.655819
-6.193207
-8.403477
-4.680167
-6.828719
8.490767
8.726879
-7.4363
-6.015738
8.610803
-3.278682
-4.582029
6.302933
-1.995054
5.676546
6.329938
-8.618281
1.176816
-3.261288
4.319915
0.074066
-1.223584
7.015112
7.206266
6.542013
8.002376
-5.861566
-3.331484
8.244557
0.89969
-8.848736
9.444257
-1.86163
-1.277488
3.774871
9.833172
1.195669
-0.345626
-5.412783
-7.926779
-8.371115
-9.074663
-8.654132
-1.068572
2.226999
0.388305
2.351591
-7.266856
8.243819
6.907519
7.658838
2.053794
-1.517741
3.698594
7.04501
-8.773389
-8.902697
-7.850941
-8.249008
3.847982
-9.997729
5.804735
2.184279
1.792963
-1.898223
-5.048139
-9.0012
5.830563
-9.789442
-0.137101
-8.272057
-7.39962
6.512994
-1.050329
-3.629965
4.956941
-8.015259
-4.355598
0.622949
-2.813271
-0.54831
2.234453
-6.915455
3.853414
-4.55017
-0.60318
6.017984
-3.954317
9.343448
-1.481926
3.009452
7.610687
7.740968
-9.357364
-6.026941
9.590215
-3.853725
-2.155336
3.719527
2.461743
4.172821
4.934523
1.5265
-4.059006
4.819026
0.161543
-4.069096
-2.59969
-2.109495
-2.065727
4.660925
5.349041
-7.231894
9.49126
-8.902368
4.612321
8.789294
-0.068544
0.157407
-1.886586
-1.943601
7.912672
9.893774
-1.958691
9.579208
-6.658944
5.688325
-8.713984
8.139843
-4.299821
-8.973093
2.23033
6.529171
1.931654
-1.477515
9.589047
-0.556552
-4.209244
-4.756116
-1.126782
5.73441
-3.260948
1.333447
-0.398102
3.62267
8.621034
-1.12273
8.869283
-6.054388
-6.731175
0.665007
-9.299467
-0.064083
1.180728
-6.530601
-5.713975
-3.255317
6.400405
7.342997
-9.356626
-1.084545
9.775311
3.265738
0.740883
0.715533
-7.40723
-3.696014
-1.569436
-8.307243
0.324126
-9.582338
2.116765
6.298216
-2.388662
4.570666
7.781282
-2.576578
-7.628848
-4.493606
2.274189
6.801781
-6.017852
9.414574
-9.631653
7.517386
1.611795
9.907651
5.174033
7.753214
8.441706
6.100749
-5.614912
-0.781275
0.230816
-7.060085
8.607841
-4.014807
-7.189089
-4.769703
-7.705053
-6.642378
9.34102
-4.10504
-8.015997
-7.152895
4.510805
-7.861684
7.120596
-1.55191
-4.99547
-8.263617
2.909054
2.641965
-4.644627
-6.524663
-8.749909
-6.334728
-0.581512
-9.634487
-8.428117
4.755815
-1.579127
9.405408
-4.818678
2.659885
-6.785541
1.738882
-5.318159
-4.684453
9.994679
-9.821756
4.461465
-3.729423
4.844495
2.034907
-6.891347
-5.080745
8.836922
9.460143
-7.25611
2.67411
-1.633179
-4.511483
6.254592
-7.290148
3.76835
-8.679342
-6.847539
-9.514782
-7.646761
9.845123
5.0968
8.767302
7.13532
-8.924135
6.953659
-3.378286
-6.894288
5.62192
-8.185381
-2.910703
4.439286
2.740292
5.554312
6.55723
3.230459
-9.931285
0.429872
-2.815494
1.921633
2.547102
-2.047896
7.070999
-6.658573
-6.325429
2.511369
9.007805
-6.700838
3.200043
5.292914
-3.159733
7.359029
2.452286
0.615433
-7.095751
-0.086407
-0.732461
9.433914
1.188734
4.222107
5.945681
8.010793
-6.073904
-5.810791
5.95827
-4.674241
-6.304874
-9.011878
0.108194
0.375144
-6.047023
8.848073
-7.390427
-3.961407
-6.544965
-2.842762
8.035031
8.197913
-7.516945
-3.945859
-9.479858
2.687919
2.139916
4.687493
-0.693367
-6.870173
-4.294608
8.893407
-3.397286
4.986535
3.990917
6.318978
0.647712
-2.673328
6.482248
-3.826411
7.948087
2.17116
-4.184314
-7.36616
-0.446685
-3.86336
-5.615275
-8.6013
-8.131702
8.427492
9.493373
4.280292
-3.729253
-9.248254
6.554047
-1.543344
7.470697
-0.556936
0.37874
-6.741722
4.055249
-1.2769
-9.900035
-1.183965
9.784807
-5.762409
0.329477
1.837007
4.05181
-7.342504
9.21788
-4.85664
6.733791
0.431193
3.498671
-7.470871
-2.033899
-4.16634
-6.472885
-9.021956
-3.279051
4.673755
-9.634505
2.222966
4.04275
-8.165798
6.40708
3.573595
3.646507
7.916238
2.192472
-6.680347
1.45989
-1.937612
-3.207364
5.239242
-9.88978
4.762754
-9.786355
-3.004747
-8.875444
-1.518547
-5.32562
3.256366
-1.522197
4.326378
-6.315676
-7.777032
-5.648439
1.610275
0.501161
8.842233
-7.404169
7.503459
6.924657
7.1825
-9.01931
3.198085
-8.943122
8.741749
-7.041661
-1.588568
-3.058944
-8.132909
-0.471761
1.624378
-7.190948
-8.032858
-9.115258
-3.437986
7.840091
-6.728001
-0.294073
0.39922
-1.861606
8.258731
-2.900963
-3.290112
9.722574
-8.339854
4.89827
2.577447
2.389851
0.366142
-1.698756
-5.185808
1.923253
-2.394248
2.889787
4.978085
2.253428
0.998146
-8.519836
-1.190743
-1.44132
-4.023051
-2.570877
-2.065652
1.918314
3.958996
4.323056
3.157418
-9.189645
7.334606
5.081031
-5.67377
8.276586
6.926411
-6.449065
-8.380086
-8.677505
6.720903
-8.961445
5.791462
-1.461832
-0.727661
-4.117201
3.484649
9.723283
1.813463
-1.215033
-0.128898
0.675418
0.612063
-3.655123
4.455343
-0.415856
-3.620486
-0.134951
4.452467
3.5033
-0.892078
9.984205
-8.195538
-0.389108
-3.196793
9.265655
8.478418
-0.69563
9.579205
6.832946
-1.442218
2.565196
6.191948
-5.246758
2.656857
-7.313585
5.148025
4.26623
-3.138531
2.075467
2.510275
0.880668
-0.176937
-6.168706
9.232265
6.729902
1.014373
-6.157952
-8.017525
7.095114
9.018611
2.648953
-9.455626
-3.075015
0.628154
-5.340973
-8.823056
3.314811
7.995908
-6.722039
-1.765614
8.664811
-7.592851
-4.909415
-9.135534
9.210075
-3.52113
-8.01871
-1.843071
-1.882564
7.994931
-6.320558
-2.954924
-6.114191
3.191789
-7.156669
0.533713
-0.452102
7.879898
5.92147
-1.44194
-9.323301
3.293074
-4.357778
6.880968
-3.037944
-6.686166
0.189306
9.91197
7.1817
8.093361
3.228453
-8.106195
-2.725824
6.636365
-6.705121
3.501208
8.633069
0.294845
-1.661872
-8.077795
5.742309
-4.18412
-7.572786
-3.457579
-3.256608
-8.467006
8.32369
9.298197
-2.60321
7.148721
-2.657651
-2.459281
-7.463317
7.572299
-9.653065
-5.084708
2.388371
0.106632
5.996678
4.261347
-2.226581
9.103144
2.562038
-0.224899
3.896597
-3.262711
-6.630276
5.115157
-4.482275
7.353221
-8.822481
-4.208712
5.307367
-7.193304
-5.128564
5.345793
0.503664
5.990719
7.10504
0.013691
-7.435746
3.906729
-3.873352
5.035851
-8.058875
0.906956
-4.339728
-9.874899
-7.095123
-0.213749
-8.760611
9.552998
8.607015
-7.021276
-8.630538
-9.258531
7.355958
-6.665742
1.502924
-4.271744
-1.867189
9.613157
4.643724
6.653623
2.306146
2.496034
-2.179922
7.694776
3.939094
2.037764
-8.160144
6.150429
6.731203
1.848184
-3.839825
0.863267
-5.084478
4.349757
1.707859
0.757519
0.156321
-7.771504
8.546388
-8.009097
-2.637817
-3.03697
1.535717
5.421014
-4.936056
-3.233234
1.686542
5.676831
0.462279
8.535387
-0.171137
-1.113019
-0.034179
-5.765224
-8.944828
1.680427
5.772477
0.189643
-2.41795
-1.909669
-6.826336
-7.361198
6.571884
-8.914597
-5.066601
-3.398632
5.517337
6.632637
7.248234
3.917661
6.565849
1.235837
6.88547
-1.211658
-0.12959
8.907347
-2.486878
-1.931565
-7.900308
3.247421
7.86608
-2.319535
5.3028
5.399587
5.646963
-3.116722
-9.176069
4.333915
2.251995
5.188726
-9.182571
6.463157
-9.639879
-1.464615
-1.129837
-1.599132
0.718269
4.398914
6.093029
9.984101
-4.261651
-1.82331
-0.655169
2.758254
8.047125
6.107188
2.735384
-6.510852
-7.749028
8.377627
6.176573
-2.284742
2.931503
-4.423083
5.387995
-1.223885
8.0059
8.710172
4.11952
-0.586792
6.240532
9.545304
-2.811407
-2.021572
-6.061405
5.979124
-5.59665
5.472954
8.909194
2.587296
-7.085373
1.076855
-7.414356
-1.843685
-6.961298
-1.47182
4.084146
-5.169114
-2.396441
-6.822225
-6.012874
9.836447
7.845026
5.099759
-6.922647
2.045731
1.432462
2.164455
8.870245
-7.615315
-4.059367
-0.527631
-6.511767
3.750697
-4.276994
-9.829983
-5.612056
0.56202
7.955404
1.55341
-1.292019
6.657433
6.296499
-3.022768
4.500619
7.974148
2.564198
8.695593
0.800654
3.864649
0.008937
4.303254
-6.785635
-5.990796
-3.965146
-1.736939
-0.12131
9.699627
2.196558
5.505964
3.550021
-1.463644
3.203778
6.57355
-5.806933
-4.673288
5.577531
-3.49706
-7.057635
0.310439
8.328634
-8.825709
7.958127
1.968534
-1.649923
2.459442
-9.630613
-1.734666
0.142438
2.205581
8.351187
8.559111
7.956291
-3.54108
7.550585
-4.709517
-8.300479
9.155839
0.591432
-7.689708
7.087292
-8.762352
5.175052
-2.276977
4.494485
-6.648265
4.312616
9.141474
-4.689449
-7.102672
0.497265
-0.434893
3.206374
-4.593834
2.97289
8.726704
-9.89883
-7.716797
8.950076
-3.072532
-2.022314
-3.190378
7.86146
6.382469
-4.379216
3.966255
-7.589662
-0.657812
4.877916
0.220024
0.585521
-0.895355
3.266395
-8.999725
-8.999685
1.936154
-0.804481
-0.486971
6.67895
-0.705266
0.650508
6.197061
-3.549294
4.053795
-3.794322
9.790165
6.265989
-0.573833
3.641964
-4.78256
-8.2339
-2.579931
5.434781
9.181146
-3.334414
-4.057211
9.671832
9.251918
3.260856
-6.577033
5.316571
1.479481
-7.240643
-7.153792
7.397321
-2.754086
1.372509
4.916017
4.150017
-1.208518
-4.306469
-5.605372
-2.808715
4.043451
8.998918
-2.588455
-1.6464
6.699984
7.991516
-9.079878
-2.102576
-5.051409
2.1437
8.528176
1.597016
2.709105
1.316675
-4.205345
4.778635
1.982029
-8.281607
2.485947
-6.553906
5.790844
4.586994
8.221396
2.690675
-8.971539
7.386606
4.889972
6.893376
-1.640342
2.453427
0.52085
9.135314
2.983034
-1.120897
-8.682854
-6.630655
-4.5415
-0.849873
7.828074
4.082735
-7.939441
9.963179
-5.464606
-6.278722
-2.384132
-2.962235
6.454199
4.936956
-3.069408
-6.439021
-0.568629
-5.140352
-8.928503
7.518226
-1.773964
7.720444
4.540421
-1.415625
2.941816
6.394936
6.113958
6.262957
-1.204453
2.608159
5.570957
2.762911
1.744645
-7.313447
5.475617
-5.793637
-0.526882
-6.459814
4.145426
0.061727
5.409894
3.099937
-5.635738
-4.17601
-1.537639
-9.587533
-9.024227
-7.168548
-1.412485
7.717053
-7.956363
-8.580547
-1.941186
0.613082
-9.149955
0.907162
-0.380576
-6.09865
-5.734068
-0.609463
5.549585
3.407467
4.926536
3.639359
-8.91909
6.114269
-9.218861
-6.677723
0.217579
-8.965487
5.23711
2.216631
9.485747
6.374544
3.826663
-3.519287
-4.120854
9.298041
0.62193
9.9315
-5.610811
5.618377
7.896279
-8.800898
2.280802
1.393712
1.911424
3.791126
-5.295076
8.035262
6.857773
-8.386402
1.264024
6.667086
8.036261
-5.007893
-6.757052
3.777073
3.073395
-1.231412
8.0804
-7.863485
7.234092
9.756698
-8.777543
9.328685
8.586256
5.10115
5.418072
8.263432
5.520503
-9.271267
6.035202
-0.618345
-2.734231
-6.393241
3.615264
4.806718
9.350742
7.53385
-8.646235
-8.741852
6.858628
-1.70735
-6.271738
0.336783
-8.74132
-2.59061
3.358636
-2.433749
-3.1154
6.249142
9.551602
6.538743
-3.138803
-0.95855
8.181817
1.627592
-9.612007
-3.869485
-0.844561
-1.390571
6.102352
4.144677
4.626394
1.034323
3.03862
-8.974794
-3.072359
-9.442629
6.196554
-8.666522
-5.369286
-7.237188
-4.225106
8.819252
4.479876
3.380565
6.158353
-7.013332
-5.827071
5.0393
5.348162
2.93967
-2.753993
-7.363924
1.706494
2.598887
-9.448003
9.028138
2.333571
-7.685471
-0.813268
7.095914
-5.084468
3.786589
-8.978159
-8.473042
-2.623705
-6.442772
5.546623
-0.555501
-6.358018
8.348908
4.479582
-6.720339
-5.151293
9.034044
-6.504887
-9.031537
-2.229884
7.539873
5.430819
-9.966626
-6.480677
-0.380629
0.97337
3.098869
-5.366719
2.790992
-5.697117
-6.202118
-6.60508
9.161214
3.889639
-3.193884
5.242946
1.396149
-0.529951
-9.278768
2.713606
-4.109622
-0.859851
-2.421122
-5.731381
3.221853
3.631807
4.902821
1.370328
5.12642
-7.103387
-7.104727
-9.479549
7.167764
9.190879
-2.124219
-7.258487
-2.838017
2.209504
-0.33248
1.919425
-9.64828
3.158536
-9.65057
9.27165
5.681765
-4.326337
-7.239149
8.597119
-6.781891
-3.456775
-5.970177
7.825999
8.837127
2.885262
3.532499
-1.307877
0.903475
-5.950269
7.643274
7.413564
-0.503611
1.83971
-0.775482
7.590329
-4.746889
-9.001572
-6.598451
8.771351
3.063608
-9.138303
-8.114307
-6.366816
3.313336
6.209205
3.987859
7.380137
2.16214
1.076363
1.980886
7.692375
-0.718728
-3.326994
-1.924138
-2.321895
6.131901
9.044115
8.484707
-4.366875
-2.343441
6.843222
-3.514837
0.417163
-3.386099
-8.806701
-5.993386
8.158198
7.401735
-9.865688
0.399946
9.401382
-1.768884
-5.074149
-1.912732
-4.216022
9.583985
-7.936248
-1.553543
4.086802
2.887624
3.902203
-1.067288
-6.370255
-7.510478
-7.552022
-9.387485
-6.410673
4.235959
-3.699866
1.259678
-5.46842
-9.809344
-2.338232
-3.954878
3.61551
3.294321
0.996362
-9.634363
5.721923
3.51932
-4.196955
-9.74882
5.355276
-4.004063
9.114017
-1.343615
-7.624644
0.799809
-8.813601
7.021758
1.280146
1.974965
7.050203
-9.699127
7.980061
-3.07439
-1.335107
-3.858181
-3.847149
8.227821
1.1212
-7.897118
-4.253186
-6.617499
5.128034
-6.5969
6.720254
1.532331
-3.224581
6.781207
6.382772
-5.576533
0.385076
8.991827
-9.861309
-9.589911
0.926484
5.715221
0.655654
5.0391
-0.937837
-9.022422
-4.493252
-3.551172
-6.654585
-9.251636
3.588726
-6.51636
-2.843395
6.138323
-8.013676
7.699677
8.365792
-7.588578
-0.617483
1.121232
6.941658
-4.084843
-9.205769
0.032871
-6.338963
-0.77786
4.844918
7.110617
-3.187775
-3.979792
6.809274
4.912233
4.252414
-2.451937
-0.760447
3.466195
-8.177453
-2.117039
2.176995
7.954696
-3.289145
9.999065
0.882448
-2.94366
-7.831001
0.052532
2.847702
2.240877
-3.697299
-7.058854
9.00336
9.9272
-3.40707
2.377665
2.751087
-4.598437
-4.363764
-8.549214
1.47855
-7.170277
0.73343
-1.517
-6.460071
3.298258
8.001846
2.225351
3.719486
8.032407
-4.611892
7.631651
-4.214218
0.268434
3.565203
4.126716
7.917585
-7.271202
0.461144
2.954454
-2.824585
2.772926
7.820289
8.217268
-2.608893
7.846261
3.883694
-3.072892
-8.428239
1.591111
-3.746956
8.538857
9.765042
-1.614193
1.885527
-3.436502
-5.742462
0.295481
9.154665
7.578073
4.458723
3.036812
-4.726474
-5.74542
5.734454
0.885434
2.675523
5.984739
-4.912132
-4.192172
1.272033
-3.480185
0.515188
-1.458726
5.931888
6.238729
-3.740026
0.996871
5.939896
3.747872
8.327321
8.987719
4.30327
5.680456
-5.679636
-1.993749
-0.122763
-7.425455
0.653079
-2.498232
-8.314655
7.648114
1.041629
2.214207
-5.848981
-1.025718
-4.132017
5.499021
-8.535144
0.323265
6.752267
3.788483
-6.704471
-2.064174
-4.238267
0.897043
-1.929004
-9.440981
-1.273043
1.019496
2.56258
-6.003624
-7.279021
-4.618851
-8.166705
-2.250144
3.26262
-3.656294
2.58944
0.691423
-4.478311
3.283756
5.941437
9.578816
0.029342
-3.802344
-0.583217
6.436076
3.066855
-0.473126
-8.39404
6.028154
1.294292
-4.392783
0.4808
1.210604
-6.7266
9.916178
5.503193
-4.104632
-4.803105
9.317269
-1.5161
-3.558815
6.419103
-6.754278
-7.026153
0.011414
-9.167268
6.245852
7.025541
2.598257
9.807549
1.644688
-3.780421
-8.02173
-1.91098
-2.504818
-0.778338
-3.720685
2.399582
-0.039476
-5.301683
-1.328568
-1.954772
-4.580079
0.971118
-9.032696
-5.49498
-1.58626
3.546327
-7.799124
5.061181
3.306466
9.316157
-0.306165
-5.396154
6.749433
-5.372797
-4.866599
-4.095206
4.917547
-9.921091
-4.156173
4.159109
6.963503
-4.166033
3.190922
-1.155847
-1.006796
-3.009887
6.818714
-4.723785
2.137562
4.740203
7.685553
0.310837
-4.248657
5.408506
-9.776045
-9.028383
-8.503838
-4.168559
7.049051
-5.150845
8.557056
4.431795
3.893526
9.50153
-0.081106
8.756214
-8.16409
-4.61429
6.109136
2.974315
4.681204
-6.379149
0.461976
-3.657552
-8.780943
5.349862
-3.952051
-7.702642
1.057189
-0.547726
-7.219936
3.47996
5.484738
8.63209
2.253272
2.984731
0.32093
-5.477913
4.794395
6.578204
-5.564288
1.132182
-4.445628
9.293091
-2.089721
9.083306
7.844931
3.030976
-9.496995
-9.85485
-1.013953
0.215784
5.662527
3.01795
-1.575947
-7.983909
7.389681
-7.461914
-7.876148
-4.113304
-5.560409
9.808519
-7.533535
5.02507
1.600063
4.961991
-6.18615
9.517579
-5.348635
9.195125
9.238105
-9.880656
2.218675
0.957897
0.513109
-2.952771
-2.471594
-6.949743
-6.987948
5.840283
-8.137484
4.13547
-2.229368
5.917125
-3.18893
9.910559
2.93211
-1.592407
-8.636681
-3.407835
-8.302602
6.63375
7.546051
9.27
8.965772
-8.514914
-0.345834
-8.56931
4.334488
-9.833411
-7.132179
-0.458661
-7.680466
-9.323469
6.316409
5.18859
-9.49895
-0.176946
4.284766
3.785197
5.389549
7.041741
2.668313
0.290945
-5.215507
-9.481263
-5.340572
-2.996162
-9.434019
8.883301
-1.011834
-7.09049
-6.662878
-3.64361
-4.657923
-7.910548
2.458835
-4.678085
3.85706
-7.160387
8.617932
4.295023
-1.947595
-0.641384
2.511834
9.127808
5.908539
0.498001
-4.210545
3.672528
-3.467888
-1.366718
-7.155132
0.997028
-5.46731
-2.620666
