125.97963093139496
-115.30219418599603
133.34050329628795
3.5050011829710144
-35.36294280612803
-203.400399425041
-42.66160996518597
44.64482303890203
40.47604469700701
48.20983964800698
99.909119485076
143.17617630625202
165.28327402750605
7.093318978856981
3.6815089686820492
240.46737918944706
375.05692512455704
-100.40452016451594
-375.9837862207163
-82.91316213281803
424.783288710766
207.77850856437297
-179.83111868620801
-31.614547043275977
-147.83529472767106
148.08865020252898
35.52915539266896
146.435017438243
-151.66667096213294
-142.62617949794398
-3.4399658394619657
181.40209250002297
-196.63169178093307
83.63079196718398
-26.96202541268201
155.52790367780602
-142.54094444651804
-60.902428975950016
-99.602050405222
-156.24087367619805
110.117312577002
41.58260780804399
116.747478906617
-100.18800340464905
177.37841258148597
109.13011580417995
186.46319109856003
3.3581341501079436
144.99383448714897
97.17962222306504
80.34952869359499
201.59611116764685
-23.366203743655067
161.14292031317297
50.79376552770508
-76.69893324023201
-24.457807227687027
129.491140399768
119.13031741108291
135.04502001271806
-97.78297180077892
67.879362888544
237.69199937868595
75.19215830375299
472.5609271633291
334.80132932857595
76.40844458106397
-288.4663976834719
-128.364349913626
34.77073414048897
94.17743513633899
53.50014980370801
232.25199124644294
101.08535952830097
170.056764043379
163.0018936301721
215.00668595016913
58.71977509496703
-308.7334375647422
1.9222253123389752
