125.97963093139498
-115.30219418599599
133.34050329628803
3.505001182971043
-35.362942806128004
-203.40039942504094
-42.661609965186045
44.64482303890204
40.47604469700696
48.20983964800698
99.90911948507599
143.17617630625202
165.28327402750597
7.093318978856985
3.68150896868201
240.467379189447
375.056925124557
-100.40452016451596
-375.98378622071607
-82.913162132818
424.78328871076593
207.778508564373
-179.831118686208
-31.614547043275948
-147.835294727671
148.08865020252904
35.52915539266897
146.43501743824305
-151.66667096213297
-142.626179497944
-3.439965839462019
181.40209250002295
-196.63169178093304
83.630791967184
-26.962025412682003
155.52790367780602
-142.54094444651804
-60.902428975949974
-99.60205040522202
-156.24087367619802
110.117312577002
41.582607808044
116.74747890661702
-100.18800340464904
177.37841258148597
109.13011580418002
186.46319109856
3.358134150107972
144.99383448714892
97.179622223065
80.349528693595
201.59611116764697
-23.36620374365497
161.14292031317302
50.793765527705006
-76.69893324023198
-24.457807227686956
129.49114039976797
119.13031741108298
135.04502001271797
-97.78297180077902
67.87936288854395
237.69199937868598
75.192158303753
472.560927163329
334.801329328576
76.40844458106403
-288.46639768347194
-128.36434991362603
34.77073414048904
94.177435136339
53.50014980370797
232.25199124644303
101.08535952830098
170.05676404337896
163.00189363017196
215.00668595016904
58.71977509496704
-308.73343756474196
1.9222253123389805
