-157.86588132752402
63.89686908077
318.4737649334901
144.61727750037198
112.46472220820702
265.241915551349
-111.80916642964797
363.92518025821903
-221.89614736510694
302.286403846411
254.63527717356905
-15.143304137956992
-195.61837494988998
63.329665979277
-63.06691331291498
-40.42072528636999
-54.695358850036
48.02351307325206
92.547608756991
-129.04968755743295
-335.1406521574729
-47.47527166538602
-196.04971604283202
-174.21005693576603
-12.262104153159001
-164.564287682323
-206.52581461399603
-7.536174175004987
-131.91919262199798
-102.17324205627901
22.83408178504099
12.01584777640101
-101.76794360649095
113.464837688508
-99.88330652905601
-76.980734561977
100.12592889810497
270.47334465523
-91.30018543764098
112.63348548958399
-286.385781455971
-278.958590583414
-163.345380061564
-86.92160383163699
109.744534927012
243.155460215005
62.746126774586955
-34.53054144163698
171.925277509164
280.897554566536
-16.38355845341101
301.79978145160703
-43.95143223150302
-85.608376575719
-202.08560139258904
-325.395155582576
5.360466466213007
-70.306563565468
-37.80522453810298
330.64797178056097
203.578635248801
226.628057709416
60.47922695059201
178.47252929620697
-27.152220890599995
-362.057943031247
-42.85989307930103
156.083896196323
-178.16896474035298
-51.71330704610699
-42.71812128562506
40.88027782653202
190.151704240667
-77.497443640756
62.29015301468101
-316.54314523750895
28.015498723652996
-73.24213956580999
426.056065375365
-225.44682570342204
