-157.86588132752397
63.89686908077002
318.47376493349003
144.61727750037204
112.46472220820704
265.24191555134894
-111.80916642964797
363.92518025821903
-221.89614736510697
302.286403846411
254.635277173569
-15.143304137957003
-195.61837494988998
63.32966597927699
-63.066913312914956
-40.42072528636996
-54.695358850036
48.02351307325196
92.54760875699101
-129.049687557433
-335.14065215747297
-47.47527166538595
-196.04971604283202
-174.210056935766
-12.262104153159015
-164.56428768232303
-206.52581461399603
-7.536174175004987
-131.919192621998
-102.17324205627904
22.834081785040976
12.015847776401003
-101.76794360649103
113.46483768850794
-99.88330652905599
-76.98073456197699
100.12592889810497
270.47334465522994
-91.30018543764098
112.63348548958402
-286.38578145597097
-278.958590583414
-163.345380061564
-86.92160383163699
109.74453492701198
243.155460215005
62.74612677458695
-34.530541441636984
171.925277509164
280.89755456653603
-16.383558453411
301.79978145160703
-43.95143223150302
-85.60837657571902
-202.085601392589
-325.39515558257597
5.360466466213026
-70.306563565468
-37.805224538102976
330.647971780561
203.57863524880102
226.62805770941603
60.47922695059198
178.47252929620697
-27.152220890599956
-362.05794303124696
-42.859893079301
156.08389619632297
-178.16896474035298
-51.713307046107005
-42.71812128562501
40.88027782653201
190.15170424066702
-77.497443640756
62.290153014680996
-316.543145237509
28.015498723652996
-73.24213956580999
426.056065375365
-225.446825703422
