-4.210656
-3.481404
-3.186598
-4.678079
2.063302
-3.987738
-4.191345
4.949964
0.616296
2.501983
0.70506
4.603479
-0.108132
1.088196
-3.312634
3.001331
-3.759263
-1.614465
4.22077
-1.767097
-2.486578
-0.801124
-2.777537
-0.171868
-4.614656
-4.401634
0.502414
-2.347107
-4.82641
-0.869867
4.973845
-2.754087
4.483131
-1.135626
2.191504
2.352086
-0.204547
3.312858
3.550954
-3.180575
0.829715
4.692514
0.669389
-0.296666
-1.157423
-0.691408
-0.50065
-2.930031
-2.963328
-3.145769
-1.637324
-2.711595
2.614863
-2.032165
1.719986
4.398082
4.016644
2.111624
4.22303
0.965672
4.765346
-3.301398
3.813949
1.91776
0.674515
-0.996625
0.826232
4.977967
2.439494
-0.093435
4.474347
3.183652
-2.928838
2.737082
-3.964863
4.080845
-3.29421
4.536492
-0.927685
-2.491606