23.44201213814398
22.5133088714114
23.40453759523453
22.959467915693168
22.916765670190507
23.133025571340518
24.288278961798973
20.83485212680558
22.578341400177806
24.382484078029698
25.073887680089655
22.282426168653206
24.712203981526812
23.71840911741057
24.385902456480636
24.719335373001606
26.68067924111896
22.855535223120512
23.06812553242373
23.021513299539354
21.686356449937044
21.74139896862274
24.7903493446506
25.763518865546363
22.53951211334207
25.680019320494853
24.710674751815702
21.723108989669193
22.784687766712572
23.635346303153142
19.46256377271575
26.594320825540205
22.028800710742566
24.654335397365408
22.77283887203243
23.62944872729974
23.860098719562384
24.976439171249865
24.158576050071026
23.994407355264045
22.19357167172729
22.136910316947795
22.736252055178305
26.40661265244509
23.22918825034087
25.00108937241241
25.644631692370343
23.359422818586477
24.52826315278613
26.698924596628785
21.313953800257348
21.721294988482313
24.8127877210164
23.360273681255673
26.09311884848456
20.90287316043043
22.291882941104326
21.770732717749055
23.463493521416897
20.091015166804716
25.002631831792684
22.20007945917533
22.751846482361458
21.518998332919956
21.71236763233712
24.446604165097877
24.19215671904844
22.521478155271108
25.34331854422956
22.517095623629423
22.102414212771937
25.45579090833342
22.961190087756737
24.243272719505054
21.402720437711245
22.69598507411648
25.95283799268965
24.734173249198925
28.068902694002485
23.547890507280847
25.047764119228155
26.116903892329443
21.86247107024391
28.72663840668213
23.250146231770117
23.818263818536142
23.145834339188706
21.63207443369368
22.587490819311682
24.937396773716607
23.461137250525177
25.780387875976935
25.429086747913367
21.371843923570566
25.369924094893236
21.531826366308287
22.08138622723001
24.854042909106187
24.462981656408203
23.46187496096378
